 -2.832747e+00 +1.460558e+01
 -1.681038e+00 +1.463812e+01
 -1.978777e+00 +1.784742e+01
 -1.511324e+00 +6.977662e+00
 -2.056873e+00 +1.403996e+01
 -2.433417e+00 +9.740062e+00
 -1.129691e+00 +1.688126e+01
 +1.947687e+00 +2.284154e+01
 -1.867121e+00 +1.453641e+01
 -1.583563e+00 +1.466953e+01
 +5.743545e-01 +2.985003e+01
 -1.787437e+00 +7.821087e+00
 -1.504371e+00 +1.400767e+01
 +3.104831e+00 +2.249206e+01
 -1.063802e+00 +8.130921e+00
 -3.087997e+00 +1.081181e+01
 -1.939388e+00 +3.523355e+00
 -1.418649e-03 +6.238667e+00
 -2.273419e+00 +1.296164e+01
 -1.935393e+00 +1.594266e+01
 +9.280744e-01 +1.812441e+01
 +4.692292e-01 +2.511228e+01
 -2.690503e+00 +1.335357e+01
 -3.272423e+00 +2.539632e+00
 +1.776687e+00 +6.946278e+00
 -2.190493e+00 +5.315538e+00
 +9.311812e-01 +1.552822e+01
 +1.325037e+00 +1.287141e+01
 -2.076727e+00 +6.809819e+00
 -2.621813e+00 +3.498684e+00
 -5.185433e+00 +1.177866e+01
 -3.133793e+00 +1.377876e+01
 -1.709996e+00 +2.079026e+01
 -1.626958e+00 +2.717954e+00
 -4.012198e+00 +2.778195e+01
 +1.210732e+00 +1.293389e+01
 -2.335637e+00 +8.429993e+00
 +1.097013e+00 +2.923460e+01
 +9.887466e-01 +1.963876e+01
 -1.914434e+00 +1.443327e+01
 -2.176958e+00 +4.651731e+00
 -2.650175e+00 +3.259407e+00
 +3.047500e+00 +2.458904e+01
 -2.646880e+00 +7.633640e+00
 -2.830013e+00 +1.858072e+01
 +6.466928e-01 +1.794626e+01
 -2.144833e+00 +7.618978e+00
 -8.250153e-02 +1.711245e+01
 +7.659431e-01 +1.802049e+01
 -1.117076e+00 +7.131919e+00
 -1.149733e+00 +1.664402e+01
 +2.138670e+00 +1.728261e+01
 -2.758344e+00 +9.331096e+00
 -1.904007e+00 +9.821436e+00
 -3.033269e+00 +5.180553e+00
 -3.231777e+00 +1.347299e+01
 -1.216804e+00 +1.756392e+01
 -4.315831e+00 +1.698430e+01
 +2.969615e+00 +2.166025e+01
 -1.205319e+00 +1.544435e+01
 -3.040578e+00 +1.589494e+01
 -6.298314e-01 +4.724734e+00
 -2.106097e+00 +5.272511e+00
 -2.601970e+00 +3.853586e+00
 +9.904878e-01 +3.536125e+01
 -1.936860e+00 +6.627613e+00
 -2.068788e+00 +1.331088e+01
 -2.279902e+00 +1.950362e+01
 +7.048786e-01 +1.644182e+01
 -2.692155e+00 +1.005497e+01
 -3.188259e+00 +2.150676e+01
 -3.835305e+00 +1.189772e+01
 -1.833771e+00 +1.238887e+01
 +2.414109e+00 +2.493323e+01
 +4.276647e+00 +1.521133e+01
 -1.317850e+00 +7.737751e+00
 -1.283338e+00 +1.193906e+01
 -1.199191e+00 +5.645260e+00
 -1.220015e+00 +1.630619e+01
 -2.663082e+00 +1.017823e+01
 -1.839457e+00 +1.460876e+01
 -7.245018e-02 +1.237825e+01
 -1.167492e+00 +6.862656e+00
 -3.637575e+00 +1.199398e+01
 -2.076014e+00 +1.228787e+01
 +5.726865e-01 +1.473871e+01
 -5.207785e+00 +1.479680e+01
 -4.069031e-01 +9.182821e+00
 +3.205782e+00 +2.278635e+01
 -4.966776e+00 +1.447660e+01
 +9.614410e-01 +2.085209e+01
 -2.295359e+00 +1.511860e+01
 +2.334672e+00 +1.681914e+01
 -1.309898e+00 +1.384346e+01
 -2.219300e+00 +1.092863e+01
 -1.909093e+00 +2.221744e+01
 +1.174192e+00 +1.641118e+01
 -2.722397e+00 +8.394930e+00
 -3.158950e+00 +1.303566e+01
 -2.143308e+00 +9.201369e+00
 -2.615517e+00 +6.715940e+00
 -1.266983e+00 +1.006030e+01
 +1.321477e+00 +2.102474e+01
 -2.115163e+00 +1.224226e+01
 -2.688086e-01 +1.523137e+01
 -1.256801e+00 +2.554592e+00
 -2.587330e+00 +1.301877e+01
 +1.092021e+00 +1.979052e+01
 -2.132054e+00 +1.372600e+01
 -3.356270e+00 +1.380366e+01
 -2.254025e+00 +1.084800e+01
 +2.333788e+00 +1.353405e+01
 -4.458551e+00 +1.651315e+01
 -3.206755e+00 +1.258332e+01
 -2.926696e+00 +1.424808e+01
 -2.556339e+00 +6.418477e+00
 -2.214326e+00 +5.340745e+00
 -1.681544e+00 +1.189363e+01
 -1.407693e+00 +1.320807e+01
 -3.372815e+00 +9.467896e+00
 -2.120374e+00 +1.078461e+01
 -8.212164e-01 +7.873508e+00
 -4.101137e+00 +1.037246e+01
 -1.626316e+00 +1.221001e+01
 +2.324817e+00 +2.929856e+01
 -2.602172e+00 +1.506751e+01
 -9.315942e-01 +4.209594e+00
 +2.346355e+00 +2.011337e+01
 -8.839603e-01 +6.455973e+00
 -2.803847e+00 +6.583292e+00
 -1.300351e+00 +1.022108e+01
 +2.544487e+00 +2.721284e+01
 -2.018075e+00 +5.758699e+00
 -7.569477e-01 +6.257329e+00
 -7.451198e+00 +1.230009e+01
 -9.781192e-01 +1.206021e+01
 -2.742692e+00 +1.384694e+01
 -1.778163e+00 +1.313787e+01
 +9.825521e-01 +1.837767e+01
 -2.575458e+00 +3.133277e+00
 +2.735083e+00 +2.239225e+01
 -1.343348e+00 +5.325247e+00
 -3.376491e+00 +4.269465e+00
 -3.302483e+00 +1.830158e+01
 +3.461948e-02 +7.419850e+00
 +2.122411e+00 +2.344014e+01
 -3.550323e+00 +2.140719e+01
 -3.400272e+00 +1.542085e+01
 -1.834327e+00 +1.089471e+01
 +2.845394e+00 +2.636583e+01
 -4.475605e+00 +1.283472e+01
 -6.239934e-01 +1.394778e+01
 -5.039654e+00 +1.981570e+01
 -1.540276e+00 +1.528746e+01
 +1.487741e+00 +6.237281e+00
 -2.819728e+00 +1.316126e+01
 -2.976635e+00 +1.565883e+01
 -3.096821e+00 +1.402406e+01
 -3.869568e+00 +8.522692e+00
 -1.884385e+00 +1.033291e+01
 -7.488843e-01 +3.517185e+00
 +2.195756e+00 +3.369243e+01
 -2.613152e+00 +1.451774e+01
 -1.683987e+00 +5.662251e+00
 -2.117229e+00 +6.660267e+00
 -3.955133e+00 +8.153901e+00
 +1.337108e+00 +2.485660e+01
 -3.996326e+00 +1.198656e+01
 -7.351356e-01 +5.667849e+00
 -1.572427e+00 +1.344873e+01
 -2.360211e+00 +4.345472e+00
 -4.062654e+00 +1.252196e+01
 -5.123575e-01 +6.320873e+00
 +1.460506e+00 +1.893398e+01
 -1.665519e+00 +4.151853e+00
 +1.570056e-01 +4.891420e+00
 -3.103221e+00 +1.615841e+01
 -6.404001e-01 +1.052569e+01
 +1.500454e+00 +2.382380e+01
 -3.086811e+00 +1.309846e+01
 -3.873420e+00 +1.251505e+01
 -2.918452e+00 +1.067477e+01
 +5.789710e-01 +2.965825e+01
 +2.676552e+00 +1.742278e+01
 +1.142588e+00 +2.574927e+01
 -2.350916e+00 +1.248755e+01
 -2.244493e+00 +1.031911e+01
 -4.009230e-01 +2.518853e+01
 +3.649598e-01 +1.238740e+01
 -2.344330e+00 +1.512112e+01
 -2.044150e+00 +8.441739e+00
 -2.532477e+00 +1.564001e+01
 -2.015128e+00 +1.122382e+01
 -1.246860e+00 +1.145326e+01
 -1.232337e+00 +1.094726e+01
 -3.209098e+00 +6.378484e+00
 -1.684131e+00 +9.547399e+00
 +1.674469e+00 +2.340281e+01
 -2.091499e+00 +7.394900e+00
 -1.304774e+00 +1.587762e+01
 +1.904507e+00 +1.792937e+01
 -2.710508e+00 +2.213451e+01
 -1.224457e+00 +1.143857e+01
 +5.485428e-01 +5.898280e+00
 +2.343783e+00 +1.947930e+01
 +2.643937e+00 +1.746430e+01
 -2.109594e+00 +1.219895e+01
 -4.014362e+00 +2.162626e+01
 +1.782826e-01 +1.730212e+01
 +4.342646e+00 +1.851544e+01
 -2.919878e+00 +1.054325e+01
 -2.099297e-01 +1.891511e+00
 -1.128030e+00 +6.459116e+00
 -3.425748e+00 +1.012333e+01
 -1.557845e+00 +8.804785e+00
 +1.757830e+00 +1.277480e+01
 -4.143817e+00 +9.618600e+00
 +1.594105e+00 +1.858581e+01
 -9.014759e-01 +7.084253e+00
 -2.310995e+00 +4.312038e+00
 -1.174703e+00 +1.272609e+01
 -3.939764e+00 +1.333607e+01
 -2.172316e+00 +3.320221e+00
 -3.031967e+00 +1.956808e+01
 -3.112969e+00 +6.694630e+00
 -2.388729e+00 +1.324810e+01
 -1.502816e+00 +8.137675e+00
 -4.587724e+00 +1.640468e+01
 +8.972208e-01 +2.252053e+01
 -2.757380e+00 +1.905362e+01
 -3.545892e-01 +6.277915e+00
 +1.007356e+00 +1.743453e+01
 -2.343764e+00 +8.490005e+00
 -2.060422e+00 +1.003117e+01
 -3.450209e+00 +1.639806e+01
 -2.108117e+00 +7.557097e+00
 -6.017079e-01 +1.750182e+01
 -1.584906e+00 +1.508050e+01
 +2.188932e+00 +2.626554e+01
 -2.362742e+00 +1.048557e+01
 -1.575819e+00 +1.556559e+01
 -1.525176e+00 +8.651672e+00
 -1.527856e+00 +7.284318e+00
 -1.916284e+00 +1.523987e+01
 -6.079255e-02 +8.408378e+00
 -1.105234e+00 +1.794171e+01
 -2.379029e+00 +1.645725e+01
 -3.549381e+00 +9.446415e+00
 -1.499551e+00 +9.017922e+00
 -1.459364e+00 +1.942683e+01
 -3.003221e+00 +1.150856e+01
 +2.515224e+00 +2.344005e+01
 +1.579496e+00 +2.701918e+01
 -1.567202e+00 +1.403592e+01
 -5.633879e-01 +2.101600e+00
 +1.976655e+00 +1.664803e+01
 +2.114794e+00 +1.967565e+01
 -2.297685e+00 +6.923140e+00
 +2.270778e+00 +1.750500e+01
 +2.985796e+00 +2.735105e+01
 -1.584867e+00 +1.189491e+01
 -4.566741e+00 +1.394059e+01
 -2.211339e+00 +2.915756e+00
 -2.420280e+00 +9.048555e+00
 -2.853016e+00 +2.501814e+01
 +2.319362e+00 +2.281127e+01
 -1.551635e+00 +1.044530e+01
 -1.874959e+00 +1.428122e+01
 -2.980784e+00 +1.415729e+01
 +3.659697e+00 +2.652904e+01
 -1.134184e+00 +5.746403e+00
 +1.183823e+00 +1.511733e+01
 -1.319435e+00 +1.306445e+01
 +1.789058e+00 +2.443157e+01
 -3.450114e+00 +6.200955e+00
 -3.588095e+00 +1.487682e+01
 -5.230674e+00 +1.522440e+01
 +1.042940e+00 +1.589849e+01
 -3.008633e+00 +1.563912e+01
 +3.105277e+00 +1.925677e+01
 -1.850127e+00 +1.409996e+01
 -2.420781e+00 +4.285274e+00
 -3.198606e+00 +9.495505e+00
 -2.671492e+00 +5.436877e+00
 -3.408376e+00 +1.142247e+01
 +4.512520e-01 +7.536853e+00
 -1.490416e+00 +1.396082e+01
 +2.419857e+00 +3.036052e+01
 -3.324723e+00 +4.476631e+00
 -2.221851e+00 +1.106729e+01
 -1.796329e+00 +1.110668e+01
 +2.372068e+00 +1.699666e+01
 -2.371071e+00 +7.642659e+00
 -2.522874e+00 +9.820206e+00
 -1.871337e-01 +1.442682e+01
 -3.158798e+00 +1.493488e+01
 -2.069323e+00 +1.047901e+01
 +5.999487e-01 +2.275343e+01
 +1.469515e+00 +1.007515e+01
 -2.458193e+00 +4.515258e-01
 -2.186322e+00 +1.234817e+01
 -1.998950e+00 +9.559018e+00
 -2.422406e+00 +1.785962e+01
 +2.541275e-01 +1.302449e+01
 +3.894037e+00 +2.767477e+01
 -8.248560e+00 +8.330392e+00
 -1.220409e+00 +3.766722e+00
 -1.318155e+00 +1.798931e+01
 +2.044690e+00 +1.452904e+01
 -3.599606e+00 +2.205463e+01
 -2.679446e+00 +1.641814e+01
 -1.555980e+00 +6.065643e+00
 +1.315467e+00 +1.121573e+01
 -2.463483e+00 +1.206035e+01
 -1.495753e+00 +6.205575e+00
 -2.630567e+00 +2.400963e+01
 -2.477621e+00 +7.750883e+00
 -1.826992e+00 +5.047367e+00
 +2.108435e+00 +7.376833e+00
 +6.645097e-01 +2.081680e+01
 +2.940861e+00 +1.637566e+01
 -2.985453e+00 +1.009452e+01
 -2.753691e+00 +9.115977e+00
 -8.696958e-01 +2.965228e+00
 -9.769339e-01 +8.640282e+00
 -1.862241e+00 +8.022914e+00
 -3.712268e+00 +1.760873e+01
 -2.562085e+00 +1.040717e+01
 +2.531999e+00 +2.663796e+01
 -3.109792e+00 +1.093961e+01
 -3.183645e+00 +1.147413e+01
 -8.973911e-01 +9.165224e+00
 +2.375249e+00 +1.901076e+01
 -3.889914e+00 +9.942192e+00
 -4.304902e+00 +1.927878e+01
 -2.951417e+00 +1.141708e+01
 -2.806332e+00 +9.811599e+00
 -3.445747e+00 +6.062626e+00
 +2.208692e+00 +2.200104e+01
 -1.749592e+00 +8.082753e+00
 +2.840395e+00 +2.210611e+01
 -2.180317e+00 +1.062000e+01
 -2.415266e+00 +1.080278e+01
 +3.698692e+00 +2.313695e+01
 +6.986891e-01 +1.348493e+01
 -1.625075e+00 +1.768281e+01
 -2.516065e+00 +1.347828e+01
 -2.468886e+00 +9.613681e+00
 +3.027909e+00 +1.498689e+01
 +1.567748e+00 +1.442053e+01
 -2.972203e+00 +1.324166e+01
 -1.599552e+00 +1.272459e+01
 -2.698060e+00 +1.262171e+01
 +3.546515e+00 +1.632726e+01
 -2.755218e+00 +1.479725e+01
 -2.747991e+00 +1.142597e+01
 -2.007313e-01 +5.633930e+00
 -3.133884e+00 +1.618916e+01
 +3.315691e+00 +2.573886e+01
 -2.446773e+00 +1.194811e+01
 -1.026301e+00 +4.342128e+00
 -2.900213e+00 +1.089558e+01
 -1.755760e+00 +7.627955e+00
 +7.095405e-01 +1.634357e+01
 -2.165521e+00 +1.114241e+01
 -3.111167e+00 +1.827758e+01
 +2.182678e-01 +3.426065e+01
 -1.700156e+00 +1.553047e+01
 -1.766760e+00 +1.179224e+01
 -1.184477e+00 +1.023186e+01
 +1.211062e+00 +1.412624e+01
 -1.873773e+00 +1.278389e+01
 -2.994974e+00 +1.639529e+01
 -2.500638e+00 +7.834511e+00
 -2.756345e+00 +1.692139e+01
 -2.561000e+00 +1.522901e+01
 +9.914364e-01 +1.711462e+01
 +1.090820e+00 +2.009106e+01
 -3.490616e+00 +1.185731e+01
 -1.633596e+00 +1.550493e+01
 +1.564024e+00 +2.480904e+01
 -1.616728e+00 +8.780528e+00
 -2.900594e+00 +9.938991e+00
 +1.605254e+00 +1.553050e+01
 -4.263673e-01 +6.239079e+00
 -2.667523e+00 +7.297052e+00
 -1.775452e+00 +7.384469e+00
 -2.550762e+00 +1.026628e+01
 +1.881710e+00 +1.810167e+01
 -3.017525e+00 +1.404030e+01
 -2.702556e+00 +9.937772e+00
 -2.989293e+00 +7.152782e+00
 -4.086799e+00 +1.420715e+01
 -3.331695e+00 +1.228867e+01
 -3.231404e+00 +1.031711e+01
 +6.598263e-01 +1.280249e+01
 -2.115059e+00 +9.483962e+00
 -2.636336e+00 +7.261439e+00
 -1.841988e+00 +8.189971e+00
 -5.106855e+00 +1.294225e+01
 +2.926931e+00 +2.757056e+01
 -2.529647e+00 +1.103889e+01
 +2.993572e+00 +2.326567e+01
 -2.496863e+00 +1.277362e+01
 -1.920275e-01 +1.870392e+01
 -2.796404e+00 +4.151779e+00
 +3.426459e+00 +2.090950e+01
 -1.463657e+00 +1.276278e+01
 -3.491300e-01 +5.181400e+00
 -2.149524e+00 +1.579187e+01
 +2.633545e+00 +1.692156e+01
 -3.026558e+00 +1.502323e+01
 -2.437904e+00 +4.689748e+00
 -8.936468e-01 +8.592947e+00
 -1.408550e+00 +1.249381e+01
 -2.101974e+00 +1.631293e+01
 -3.685397e+00 +8.961241e+00
 +3.430336e+00 +1.370455e+01
 +6.473774e-01 +1.560453e+01
 -1.139509e+00 +1.816148e+01
 -2.614186e+00 +1.187392e+01
 +3.083468e-01 +2.312156e+00
 -2.582538e+00 +1.120232e+01
 +1.824593e+00 +2.830766e+01
 -3.041864e+00 +1.076076e+01
 -3.412411e+00 +1.067870e+01
 -2.212428e+00 +4.727594e+00
 -2.047371e+00 +6.627799e+00
 +1.722483e-01 +5.716629e+00
 +2.330145e+00 +3.393670e+01
 -1.116273e+00 +9.140156e+00
 +1.065698e+00 +1.965374e+01
 +5.017279e-01 +2.612680e+01
 -2.748798e+00 +1.978284e+01
 +1.022223e-01 +2.666890e+01
 -2.910279e+00 +5.815013e+00
 -3.194781e+00 +2.281159e+01
 -2.483302e+00 +8.913141e+00
 -3.966874e+00 +1.206733e+01
 +9.944712e-01 +2.693476e+01
 +7.948161e-01 +1.727274e+01
 -3.291417e+00 +9.307496e+00
 -1.727465e+00 +1.438904e+01
 +8.958325e-02 +2.525059e+01
 -3.174838e+00 +6.268391e+00
 -1.333955e+00 +1.385659e+01
 -2.067965e+00 +1.245552e+01
 +5.794650e-01 +2.410600e+01
 +4.046397e+00 +1.361666e+01
 -4.078920e+00 +1.245524e+01
 -8.506189e-01 +1.465303e+01
 +5.778972e-01 +1.206448e+01
 +3.260025e+00 +2.362710e+01
 -2.556032e+00 +1.261663e+01
 -1.206803e-01 +6.515140e+00
 -5.082875e+00 +1.438388e+01
 -3.194585e+00 +9.816201e+00
 +5.798184e-01 +1.849739e+01
 -2.376285e+00 +1.393270e+01
 -2.851757e+00 +1.665860e+01
 -2.038311e+00 +1.015517e+01
 +5.634075e-02 +2.190616e+01
 -2.373696e+00 +7.487355e+00
 -2.295914e+00 +9.547534e+00
 -3.334013e+00 +1.221946e+01
 -1.429627e+00 +6.891511e+00
 -1.754306e+00 +1.029376e+01
 +1.061908e+00 +1.340892e+01
 -2.841385e+00 +1.133066e+01
 -2.043983e+00 +9.586620e+00
 -3.171804e+00 +1.859939e+01
 +2.195768e+00 +1.611125e+01
 -2.402450e+00 +8.177794e+00
 +3.063854e+00 +2.299677e+01
 -2.460723e+00 +7.916647e+00
 +2.817126e+00 +2.800348e+01
 -3.106327e+00 +6.412134e+00
 -1.750105e+00 +1.377070e+01
 +1.417078e+00 +1.162297e+01
 -1.495099e+00 +7.972819e+00
 -2.743715e+00 +1.040285e+01
 -1.229563e+00 +8.888708e+00
 -1.353931e+00 +9.440768e+00
 +7.195647e-01 +1.339816e+01
 +1.463685e+00 +1.628020e+01
 -1.423219e+00 +4.761672e+00
 -1.811789e+00 +1.161955e+01
 -1.178216e+00 +1.387867e+01
 -7.031874e-01 +6.145101e+00
 -1.697211e+00 +1.194499e+01
 -1.733614e+00 +8.112080e+00
 -1.765178e+00 +1.168847e+01
 +9.205268e-01 +2.191603e+01
 +1.000954e+00 +1.439083e+01
 +2.595750e+00 +1.435087e+01
 -1.400500e+00 +8.061466e+00
 -1.355572e-01 +6.763194e+00
 -1.514867e+00 +1.036584e+01
 +2.564221e+00 +1.639136e+01
 -1.209533e+00 +4.126730e+00
 -2.100055e+00 +8.077471e+00
 +1.655390e+00 +2.346572e+01
 -3.633795e+00 +1.040695e+01
 -6.266820e-02 +1.922978e+01
 -2.630237e+00 +1.117893e+01
 -1.582763e+00 +6.786302e+00
 -3.337529e+00 +8.436335e+00
 -1.916319e+00 +1.022404e+01
 -1.923068e+00 +5.449045e+00
 +6.998771e-01 +1.679249e+01
 -2.639446e-01 +1.896081e+01
 +1.393878e+00 +1.792296e+01
 -2.571215e+00 +7.163023e+00
 -1.588739e+00 +7.641095e+00
 -3.157426e+00 +1.257654e+01
 -1.844938e+00 +9.588119e+00
 -1.532144e+00 +1.597352e+01
 +2.204810e+00 +1.880688e+01
 -1.629520e+00 +8.096602e+00
 -1.360652e+00 +1.932925e+01
 -2.757005e+00 +1.154601e+01
 +2.947885e+00 +3.218791e+01
 -1.159307e+00 +1.269438e+01
 -3.016763e+00 +1.035165e+01
 -1.050214e+00 +8.723935e+00
 -1.224580e+00 +1.704135e+01
 +9.621573e-01 +1.509416e+01
 -2.320967e+00 +9.543915e+00
 +1.053501e+00 +3.085781e+01
 -2.124557e+00 +1.688470e+01
 +8.910789e-01 +3.194426e+01
 -2.389530e+00 +1.332609e+01
 -1.488047e+00 +1.114742e+01
 +1.879052e+00 +1.825513e+01
 -2.108331e+00 +4.708795e+00
 +3.592201e-01 +1.725817e+01
 -1.483404e+00 +1.021878e+01
 -1.779779e+00 +1.238327e+01
 +2.462025e+00 +3.758883e+01
 +1.603441e+00 +3.340871e+01
 -4.258951e-01 +8.372428e+00
 +1.616331e+00 +2.898591e+01
 +3.614578e+00 +1.149116e+01
 -1.227205e+00 +5.210255e+00
 +3.225862e+00 +3.376389e+01
 -1.193343e+00 +1.713906e+01
 -1.731606e+00 +7.602857e+00
 -1.347341e+00 +1.080337e+01
 +2.000524e+00 +3.206332e+01
 -3.138416e+00 +7.333128e+00
 -2.671895e+00 +9.259748e+00
 -1.483993e+00 +1.819637e+01
 -1.737076e+00 +7.284968e+00
 +2.907054e+00 +2.588413e+01
 +1.491143e+00 +2.279945e+01
 -2.804510e+00 +8.506755e+00
 -1.436811e+00 +2.599470e+00
 -1.572003e+00 +6.906788e+00
 -1.461448e+00 +9.975629e+00
 -2.244637e+00 +1.416705e+01
 -1.430999e+00 +1.352429e+01
 +4.519121e-01 +1.648181e+01
 +1.704780e+00 +2.315194e+01
 -1.413828e+00 +1.691964e+01
 +2.389027e+00 +1.125131e+01
 -2.264540e+00 +8.797270e+00
 +1.166468e+00 +2.223996e+01
 -1.941028e+00 +9.296198e+00
 -2.182806e+00 +1.030857e+01
 +3.263683e-01 +1.283442e+01
 -1.284817e+00 +1.252952e+01
 -3.002564e+00 +1.185644e+01
 -1.148412e+00 +1.357926e+01
 -3.421078e+00 +6.322792e+00
 -2.433202e+00 +1.137492e+01
 +1.096570e-01 +1.771381e+00
 -2.626316e+00 +1.267988e+01
 -2.482113e+00 +1.021128e+01
 -1.685234e+00 +1.578461e+01
 -2.484773e+00 +9.972454e+00
 -1.976857e+00 +6.735017e+00
 -1.623472e+00 +8.298034e+00
 +2.537923e+00 +3.189956e+01
 -7.642040e-01 +6.919080e+00
 -7.833706e-01 +1.599942e+01
 +9.027653e-01 +1.567875e+01
 -2.691344e+00 +1.968611e+01
 -5.754851e-01 +1.134859e+01
 -1.097476e+00 +1.089054e+01
 -1.075101e+00 +1.207142e+01
 -1.562554e+00 +3.775130e+00
 -4.265341e+00 +8.274616e+00
 -1.766673e+00 +8.614901e+00
 -2.280406e+00 +9.648317e+00
 +2.363226e+00 +2.452279e+01
 -1.249153e+00 +1.400868e+01
 -1.602781e+00 +1.145968e+01
 -1.390881e+00 +1.552511e+01
 -2.210937e+00 +1.019006e+01
 -1.052390e+00 +5.114598e+00
 -2.766747e+00 +1.375982e+01
 -1.318328e+00 +1.405956e+01
 -2.491740e+00 +4.605721e+00
 -3.243425e+00 +1.451439e+01
 +6.356688e-01 +2.280627e+01
 -1.617861e+00 +1.917534e+01
 -1.706207e-01 +7.498241e+00
 -2.219726e+00 +4.563428e+00
 -2.464770e+00 +8.869472e+00
 -1.734726e+00 +8.689985e+00
 +7.400894e-01 +2.006471e+01
 -1.767307e+00 +9.833794e+00
 +1.209776e+00 +2.979434e+01
 -5.824380e-01 +2.041045e+00
 -2.690867e+00 +9.698863e+00
 -1.902793e+00 +5.398527e+00
 +6.520451e-01 +2.858943e+01
 -1.351644e+00 +1.304446e+01
 -1.722337e+00 +1.223811e+01
 -1.866158e+00 +1.084570e+01
 +1.093202e+00 +1.667860e+01
 -3.238706e+00 +1.888585e+01
 -2.585129e+00 +3.785811e+00
 -4.254988e+00 +1.611320e+01
 +1.221906e+00 +1.650581e+01
 -1.423189e+00 +8.455826e+00
 -7.697238e-01 +1.101106e+01
 -2.443193e+00 +1.399816e+01
 -1.920713e-01 +3.204905e+00
 -1.316310e+00 +1.778600e+01
 +1.811314e+00 +2.031641e+01
 +1.674519e+00 +1.518394e+01
 -1.987862e+00 +9.581872e+00
 -1.747150e+00 +1.028926e+01
 -2.112381e+00 +1.134170e+01
 -2.549251e+00 +1.000933e+01
 -1.156446e+00 +9.960281e+00
 +1.467361e+00 +2.389566e+01
 -1.186785e+00 +2.060340e+00
 -3.365572e+00 +3.765743e+00
 -1.800638e+00 +1.634420e+01
 +9.154824e-01 +2.165618e+01
 +3.994114e+00 +3.013725e+01
 +1.747311e+00 +1.215780e+01
 -2.650666e-02 +7.877468e+00
 -3.094486e+00 +2.673919e+01
 +2.069740e-02 +1.730897e+01
 -2.192775e+00 +1.226357e+01
 -1.760600e+00 +8.092704e+00
 +2.739008e+00 +2.744700e+01
 -2.872037e+00 +2.578108e+01
 -1.549614e+00 +1.656987e+01
 -2.069278e+00 +1.422572e+01
 -1.959690e+00 +1.040219e+01
 +2.096699e+00 +1.967712e+01
 -3.350152e+00 +1.017974e+01
 +3.241216e+00 +6.892199e+00
 +9.399672e-02 +1.576159e+01
 +2.266038e+00 +2.534688e+01
 -2.489046e+00 +1.047983e+01
 -2.229051e+00 +9.836048e+00
 -1.333836e+00 +2.486759e+01
 -2.310026e+00 +1.686950e+01
 -3.422724e+00 +1.466507e+01
 -3.012055e+00 +9.163531e+00
 +2.113328e+00 +2.030236e+01
 -1.862043e+00 +7.768726e+00
 -2.659130e+00 +4.628999e+00
 +3.687467e+00 +1.448921e+01
 -3.892447e+00 +1.670110e+01
 -3.009542e-01 +7.295704e+00
 -2.786711e+00 +1.235841e+01
 -1.825110e+00 +8.492319e+00
 -3.214902e+00 +1.605383e+01
 -3.150460e+00 +1.294046e+01
 -1.210627e+00 +9.019951e+00
 +1.150413e+00 +1.593053e+01
 -1.573924e+00 +6.126147e+00
 -2.563129e+00 +1.042322e+01
 -2.564204e+00 +1.751960e+01
 -2.668698e+00 +1.095351e+01
 +9.760199e-01 +2.700707e+01
 -2.078754e+00 +1.052163e+01
 +1.357615e+00 +1.505666e+01
 +5.495478e-01 +1.317077e+01
 +2.493599e+00 +2.425116e+01
 +1.994195e+00 +2.310100e+01
 -8.523140e-01 +2.184283e+01
 +1.485291e+00 +9.720858e+00
 +1.172879e+00 +2.093382e+01
 +2.118136e+00 +2.764351e+01
 +8.645675e-02 +1.016582e+01
 -2.225849e-01 +6.309386e+00
 -1.757878e+00 +1.373736e+01
 -2.154946e+00 +1.670449e+01
 -2.186075e+00 +9.222905e+00
 +2.296672e+00 +2.879093e+01
 -2.108053e-01 +8.693495e+00
 -2.979348e+00 +1.497221e+01
 -2.385132e+00 +1.628230e+01
 -1.314893e+00 +5.982625e+00
 -1.062688e+00 +1.931703e+01
 -1.534202e+00 +8.806420e+00
 -1.370439e+00 +8.812091e+00
 -4.320266e+00 +1.339669e+01
 -2.479865e+00 +1.092383e+01
 -2.761338e-01 +4.176326e+00
 -3.798914e+00 +2.266940e+01
 -2.924566e+00 +1.222597e+01
 -2.073319e+00 +1.091192e+01
 -1.157391e+00 +1.336996e+01
 -1.232070e+00 +1.281047e+01
 +1.963754e-01 +2.234649e+01
 -2.438199e+00 +5.377531e+00
 -3.177643e+00 +1.743802e+01
 -1.506576e+00 +4.712188e+00
 -1.619937e+00 +1.810846e+01
 -3.522635e+00 +1.075123e+01
 -2.185150e+00 +1.004921e+01
 -3.255604e+00 +2.140324e+01
 +2.556014e+00 +3.204581e+01
 -2.341810e+00 +1.150670e+01
 -1.996392e+00 +7.098760e+00
 +1.869411e+00 +3.342853e+01
 +1.525745e+00 +1.762786e+01
 +9.987664e-01 +1.549753e+01
 -1.860215e+00 +1.434861e+01
 -1.984303e+00 +1.328400e+01
 -1.541223e+00 +1.388161e+01
 -3.258135e+00 +7.364170e+00
 -1.609794e+00 +9.180086e+00
 +2.175505e+00 +3.038146e+01
 -1.895833e+00 +1.895850e+01
 -1.825954e+00 +2.701782e+00
 -3.348530e+00 +2.392455e+01
 +1.689752e+00 +3.674938e+01
 -3.104367e+00 +1.124473e+01
 -1.802391e+00 +6.833682e+00
 -1.715944e+00 +2.857284e+00
 -2.257532e+00 +5.619674e+00
 +9.908330e-01 +2.720654e+01
 +2.822229e-02 +4.438869e+00
 -3.863042e+00 +1.561669e+01
 -1.699725e+00 +1.663260e+01
 -1.081484e+00 +1.149481e+01
 -3.489464e+00 +1.491514e+01
 -2.744336e+00 +1.271527e+01
 -3.317494e+00 +1.142306e+01
 +2.898704e+00 +2.344429e+01
 -1.661425e+00 +6.604687e+00
 -1.248596e+00 +3.809131e+00
 +2.989511e-01 +3.049937e+01
 -2.018874e+00 +1.335650e+01
 -7.178131e-01 +8.682596e+00
 -3.402733e-01 +3.397064e+00
 +8.400552e-01 +1.651754e+01
 -1.801535e+00 +9.982250e+00
 +9.759278e-01 +1.715252e+01
 -1.330561e+00 +1.128248e+01
 -1.805962e+00 +1.318617e+01
 +9.294313e-01 +1.616249e+01
 -2.948603e+00 +9.487675e+00
 -1.610739e+00 +8.123107e+00
 -2.002296e+00 +1.899288e+01
 -2.567750e+00 +7.302424e+00
 -2.471460e+00 +2.577090e+00
 +9.358901e-01 +3.132105e+01
 -6.565579e-01 +5.107187e+00
 -2.352817e+00 +1.355744e+01
 +1.305170e+00 +1.737069e+01
 +9.835238e-01 +1.011261e+01
 +2.308633e+00 +3.150848e+01
 -1.441883e+00 +4.357678e+00
 +1.767246e+00 +2.184934e+01
 -2.865794e+00 +7.627197e+00
 -7.770219e-01 +1.275365e+01
 -1.368470e+00 +1.076872e+01
 -1.223197e+00 +2.168333e+00
 +2.304717e-02 +4.196043e+00
 -2.861977e+00 +1.362853e+01
 -1.584899e+00 +1.019492e+01
 -5.799461e-01 +7.937099e+00
 +1.054561e+00 +1.569321e+01
 -3.346259e+00 +1.930244e+01
 +1.075275e+00 +2.047243e+01
 -3.003983e+00 +1.567785e+01
 +1.194560e+00 +1.890122e+01
 -1.855181e+00 +1.419409e+01
 -1.154944e+00 +8.781612e+00
 -2.651347e+00 +4.740858e+00
 -3.001789e+00 -2.740626e+01
 +1.369244e+00 +1.984994e+01
 -1.525058e+00 +3.121058e+00
 -2.853369e+00 +7.386024e+00
 -1.795408e+00 +9.875187e+00
 -2.729952e+00 +3.146895e+00
 -1.535081e+00 +1.025039e+01
 +3.554266e+00 +1.229989e+01
 -3.282054e+00 +2.045537e+01
 -2.547695e+00 +9.164804e+00
 -1.393611e+00 +1.079072e+01
 -1.787125e+00 +1.049575e+01
 +1.432976e+00 +1.972319e+01
 -8.638729e-01 +9.944575e+00
 -2.236997e+00 +1.385195e+01
 +1.816698e+00 +1.460846e+01
 -2.931469e+00 +1.477024e+01
 -1.268080e+00 +1.671845e+01
 +5.436113e-02 +5.255304e+00
 -2.649607e+00 +1.758233e+01
 +1.668368e+00 +3.182704e+01
 +9.874313e-01 +1.349393e+01
 -9.439251e-01 +7.751996e+00
 +6.179026e-01 +1.880574e+01
 -2.173477e+00 +1.125763e+01
 -1.566799e+00 +1.548875e+01
 -3.051212e+00 +1.801763e+01
 +3.060174e+00 +1.978178e+01
 -2.732105e+00 +1.580016e+01
 -1.751432e+00 +1.250001e+01
 -2.770451e-01 +1.087344e+01
 -5.696867e-01 +1.665120e+01
 -1.097552e+00 +4.492668e+00
 -1.127253e+00 +2.824536e+01
 +3.715872e+00 +3.108282e+01
 -3.239270e+00 +1.731808e+01
 +1.223125e+00 +2.069061e+01
 +2.355016e-01 +3.035699e+01
 -5.527502e-02 -2.253176e+00
 -1.843905e+00 +1.445948e+01
 +3.030631e+00 +1.130881e+01
 -1.662933e+00 +4.723616e+00
 +1.030281e+00 +1.812376e+01
 +5.614757e-01 +2.161270e+01
 -1.629332e+00 +1.293683e+01
 -2.420439e+00 +8.569417e+00
 +2.266866e+00 +9.218851e+00
 -3.136386e+00 +5.939675e+00
 -1.325245e+00 +1.199355e+01
 +1.321851e+00 +1.053898e+01
 -5.487695e-01 +4.840291e+00
 +8.334304e-01 +1.958581e+01
 -3.158832e+00 +1.143181e+01
 -3.398365e+00 +8.562137e+00
 -1.473179e+00 +3.528005e+00
 +2.612524e+00 +1.443689e+01
 -2.568736e+00 +1.028933e+01
 -7.231613e-01 +1.216754e+01
 +4.194500e+00 +1.526821e+01
 +5.565675e-01 +2.215608e+01
 +3.903678e+00 +1.173569e+01
 -5.118005e-01 +7.293120e+00
 -3.020717e+00 +1.883168e+01
 -2.561620e+00 +7.011677e+00
 -2.497902e+00 +1.567004e+01
 -1.576625e+00 +1.954716e+01
 -1.734781e+00 +1.287205e+01
 -7.195340e-01 +1.580516e+01
 +2.373189e+00 +1.597386e+01
 -1.399872e+00 +9.168139e+00
 -1.224968e+00 +1.228097e+01
 -3.511136e+00 +7.469861e+00
 -3.846378e+00 +1.024185e+01
 -1.913885e+00 +6.083697e+00
 -1.819313e+00 +1.253789e+01
 -2.065514e+00 +1.054653e+01
 +5.275834e+00 +1.647122e+01
 +3.182157e+00 +1.065341e+01
 +2.358797e+00 +2.368006e+01
 -3.414163e+00 +1.402775e+01
 -1.019334e+00 +1.453765e+01
 -2.424413e+00 +1.086994e+01
 -3.011596e+00 +1.830345e+01
 +1.532652e+00 +2.746203e+01
 -1.073751e+00 +1.400465e+01
 -2.296550e+00 +1.560508e+01
 -1.627630e+00 +4.918200e+00
 +2.170475e+00 +3.264521e+01
 -2.867901e+00 +1.211787e+01
 -3.614942e+00 +1.614074e+01
 -3.845213e+00 +9.556892e+00
 +1.188761e+00 +1.490768e+01
 -1.108031e+00 +9.478163e+00
 -2.504234e+00 +1.802433e+01
 +3.599035e-01 +2.547606e+01
 -3.541250e+00 +1.335168e+01
 -2.247619e+00 +1.337612e+01
 -3.199561e+00 -1.058987e+01
 +1.083730e+00 +1.513707e+01
 -2.286639e+00 +2.148261e+01
 -1.295526e+00 +4.481544e+00
 -4.656308e+00 +2.718853e+01
 -2.402933e+00 +1.447726e+01
 -1.718717e+00 +1.876383e+00
 -3.004689e+00 +1.262480e+01
 +3.979594e-01 +3.142556e+01
 -3.134519e+00 +7.650181e+00
 -1.966460e+00 +1.169432e+01
 -1.150284e+00 +6.020854e+00
 -3.174971e+00 +2.306448e+01
 -6.488281e-01 +6.124733e+00
 +2.335344e+00 +1.818832e+01
 -2.536844e+00 +1.501148e+01
 +2.297162e-01 +8.478487e+00
 -8.059113e-01 +6.313738e+00
 +2.019706e+00 +3.462895e+01
 -1.475103e+00 +1.416169e+01
 -2.073336e+00 +1.025843e+01
 -2.211861e+00 +1.303393e+01
 -3.760963e+00 +2.632193e+01
 -3.357566e+00 +6.103386e+00
 -4.995544e+00 +1.124805e+01
 +1.434913e+00 +2.578955e+01
 -4.565961e+00 +1.607943e+01
 -3.887471e+00 +6.988355e+00
 -3.168249e+00 +1.467857e+01
 -3.735614e+00 +1.054557e+01
 +2.633247e+00 +1.650636e+01
 +1.679274e+00 +1.567144e+01
 +8.735840e-01 +1.474654e+01
 -1.031519e+00 +9.557128e+00
 -1.006833e+00 +1.213157e+01
 -1.678683e+00 +6.850844e+00
 +1.984148e+00 +2.305316e+01
 -1.330175e-01 +2.621856e+01
 +3.399535e+00 +1.242442e+01
 -1.159357e+00 +1.517163e+01
 -1.513860e+00 +1.694188e+01
 -3.111078e+00 +2.475688e+01
 -4.161581e+00 +1.043123e+01
 -9.912160e-01 +1.074334e+01
 -2.877709e+00 +9.120625e+00
 +3.643987e+00 +2.078263e+01
 -3.882963e+00 +1.259850e+01
 -1.503254e+00 +1.085003e+01
 +1.424609e+00 +3.083987e+01
 -3.133282e+00 +7.238020e+00
 +2.429088e+00 +1.014091e+01
 -3.039457e+00 +2.193199e+01
 +3.428404e+00 +3.052097e+01
 -9.798183e-01 +1.347819e+00
 -3.506721e+00 +1.158629e+01
 -1.329040e+00 +1.250814e+01
 -2.033677e-01 +3.513212e+00
 -2.976035e+00 +1.190886e+01
 -1.336928e+00 +4.706708e+00
 -2.667475e+00 +3.675501e+00
 -1.227699e+00 +1.059188e+01
 +1.421160e+00 +3.049000e+01
 +1.050024e+00 +1.726547e+01
 +3.649774e+00 +1.198465e+01
 -1.306672e+00 +7.511846e+00
 -3.606793e+00 +2.176884e+01
 +2.360791e+00 +3.251065e+01
 -1.385124e+00 +4.474870e+00
 +7.117990e-01 +1.763083e+01
 -1.896090e+00 +1.337099e+01
 -2.860713e+00 +1.370128e+01
 -2.158643e+00 +4.590081e+00
 -3.348751e+00 +6.137103e+00
 -1.141636e+00 +1.543732e+01
 -2.478073e+00 +1.721207e+01
 -9.047524e-01 +1.910368e+01
 -1.558815e+00 +3.483360e+00
 -2.703633e+00 +1.628442e+01
 +6.309500e-01 +1.772451e+01
 -2.526911e+00 +2.563550e+00
 -2.094951e+00 +8.790021e+00
 -1.651895e+00 +1.125858e+01
 -2.479767e+00 +1.378092e+01
 -2.511425e+00 +1.480794e+01
 +1.374059e+00 +3.731893e+01
 +9.471753e-01 +1.769947e+01
 -1.659241e+00 +1.631843e+01
 -1.266055e+00 +1.480097e+01
 -3.918583e+00 +7.107696e+00
 +2.914253e+00 +1.787071e+01
 -1.340632e+00 +5.336476e+00
 +1.919317e+00 +2.109929e+01
 -2.499372e+00 +3.307491e+00
 +2.860100e+00 +2.721176e+01
 +4.114812e-01 +1.461159e+01
 -2.075269e+00 +1.043942e+01
 -2.476034e+00 +1.182642e+01
 -2.839931e+00 +1.209572e+01
 -2.675380e+00 +6.047377e+00
 +2.169541e+00 +2.758816e+01
 +3.499971e+00 +2.007853e+01
 -2.603097e+00 +4.359725e+00
 -3.045669e+00 +1.192620e+01
 -3.238522e+00 +7.506964e+00
 -2.849329e+00 +1.933846e+01
 -2.988581e+00 +5.674897e+00
 +9.373987e-01 +1.953498e+01
 -3.739252e+00 +7.828239e+00
 -3.179879e+00 +1.132583e+01
 -2.968840e+00 +1.211695e+01
 -6.278723e-01 +3.299216e+00
 -3.968021e+00 +9.605409e+00
 +2.643982e+00 +2.568536e+01
