 +0.73777 -0.20840 1
 +0.44767 -0.61722 1
 -0.49931 +0.50609 0
 -0.42371 -0.93814 1
 +0.62892 -0.09704 1
 +1.12034 -0.28175 0
 -0.94087 -0.67720 0
 +0.54541 +0.39301 0
 -0.05112 -0.97542 0
 -0.17908 -0.65465 1
 -0.04299 -0.01807 1
 -0.65634 -1.38532 0
 +0.79963 +0.10761 1
 +0.35126 +0.89504 0
 +0.86709 +1.71914 0
 +0.71963 -0.64772 1
 +1.22567 -0.11992 1
 +0.48959 +0.41620 1
 +0.40732 +1.15398 0
 +1.32037 +0.05188 0
 +1.26751 +0.38786 0
 +1.05820 -1.31041 0
 +0.35142 +1.82262 0
 +0.29599 +2.49514 0
 +0.53231 -1.48677 0
 +0.83484 +0.06817 1
 -0.53086 +1.06048 0
 +2.48518 +0.77588 0
 +0.67819 -0.60325 1
 +1.46861 +0.48730 0
 +0.17983 -0.31919 1
 -0.07481 -1.32987 0
 +0.82660 +0.09309 1
 -0.16990 +0.81308 0
 +0.69199 +0.95541 0
 -1.14022 -0.05237 0
 +0.83292 +2.00610 0
 +2.04190 -1.19619 0
 +0.99670 -0.01376 1
 -1.28271 +0.04713 0
 -0.10052 +0.11870 1
 +0.74262 -0.35560 1
 +0.25024 +0.95384 1
 +0.05933 +0.27653 0
 -0.24205 +1.17813 0
 +0.81857 -1.76525 0
 -0.86714 -0.33598 0
 +0.81224 +0.06036 1
 +1.03594 -1.69291 0
 -0.34161 +1.53854 0
 +0.87906 +0.14341 1
 +0.33485 -0.11069 1
 +0.16544 +0.23149 0
 +0.89945 +0.50138 0
 +1.04629 +0.84290 0
 +1.85402 +1.05452 0
 -1.16435 -1.49368 0
 +0.23774 -0.14266 1
 +0.02554 -2.07891 0
 +0.76261 +0.81861 0
 +1.60793 +0.16933 0
 -0.18911 -0.69169 0
 +0.15193 +1.03882 0
 +1.09140 +0.15360 1
 +0.21020 +1.56817 0
 +1.65558 -0.57733 0
 +1.28729 -0.21026 0
 +1.64468 -0.96079 0
 -0.50171 +1.03742 0
 +0.05273 +0.82050 0
 -1.11028 +1.23706 0
 +0.25532 +0.14457 1
 -0.93745 -0.25237 0
 +0.67756 +1.75983 0
 +1.69846 +1.29927 0
 -0.74949 +0.11874 0
 -0.26084 +0.79361 0
 -1.29412 -0.13133 0
 -0.20755 +0.67606 0
 -0.45616 +0.56898 0
 +0.92125 -0.78951 1
 +0.03637 +1.33002 0
 +0.17962 +0.18742 1
 -0.15738 -0.92231 0
 -2.09506 +0.87056 0
 -1.08051 +0.64461 0
 +0.49799 -2.28836 0
 +0.34636 +0.80664 0
 +1.51405 -0.09189 1
 +0.94502 +1.37936 0
 +1.14945 -0.53739 1
 +0.48037 -1.43265 0
 +1.62005 -0.27297 0
 -1.23868 -3.17018 0
 +0.27678 -0.59127 1
 +0.03868 +0.81302 0
 -0.51924 -0.25517 1
 -0.71935 -0.31780 0
 +0.92972 +0.59215 1
 +1.62038 +1.43793 0
 +0.39315 -0.68932 1
 +1.30048 -0.40946 0
 +1.07544 +0.50928 1
 -0.72049 +1.40248 0
 -0.27969 +1.23807 0
 -0.32469 -0.05116 1
 -0.47388 +0.09972 0
 -0.29764 -0.64213 1
 -1.23859 -1.11198 0
 -0.75063 -1.59499 0
 -0.13115 -0.00069 1
 -1.18157 -0.42905 0
 +0.14946 -2.09115 0
 -0.61827 +0.34056 0
 +0.27015 +0.44071 0
 +0.03107 +0.40881 1
 +1.55944 -1.21516 0
 -0.51098 +0.27588 0
 +0.02413 -0.97856 1
 +0.82282 +1.48974 0
 +0.34473 +1.09038 0
 +1.19461 -0.59296 0
 +1.65970 +0.51644 0
 +1.41814 -2.15296 0
 +0.65652 +0.68530 1
 +1.77092 +2.00822 0
 -1.04349 -1.51063 0
 +0.86325 +0.53817 1
 -0.14647 -0.17191 1
 -1.06689 -1.19757 0
 +0.50449 -0.70048 1
 +0.01057 -0.10045 1
 +0.44600 -0.13448 1
 +1.43576 -1.20144 0
 -0.13816 -1.45954 0
 +0.09462 -0.21143 1
 -0.24141 +0.68512 0
 -1.87708 -0.08510 0
 +0.43485 -0.85698 1
 +0.06672 +0.47197 1
 +0.24724 +0.99700 0
 -1.06531 +0.39140 0
 +0.32042 +2.38663 0
 +1.06384 -1.21546 0
 +0.89077 +0.11814 1
 -0.78368 +0.61499 0
 -0.45572 +1.30347 0
 -1.51900 +1.75036 0
 -0.20490 +0.76071 0
 -0.79847 +0.20414 0
 +0.18450 +0.81006 0
 +0.60466 +0.01022 1
 -0.16048 +1.08654 0
 -0.15347 +0.11236 1
 +0.72945 +0.18113 1
 +0.08541 +0.11186 1
 -0.31936 +0.08910 1
 +0.52284 -0.75162 1
 +0.56413 -1.33411 0
 +0.90363 +0.17499 1
 +1.16049 -0.07500 1
 +1.39431 -0.70910 0
 -0.56700 +0.86986 0
 +0.65808 +0.99670 0
 -1.71284 -1.13197 0
 +0.79593 +0.17744 1
 -1.43331 +1.85425 0
 -0.00125 -0.22026 1
 +0.12555 -0.87013 0
 -0.75503 +0.97548 0
 -1.05884 -1.26916 0
 -0.81440 +1.66430 0
 +0.18440 -0.36760 1
 -0.65859 +0.97073 0
 +1.21557 +1.01472 0
 +0.27112 +0.39823 1
 -1.42282 +0.86298 0
 -0.69977 +1.11635 0
 +0.25890 -1.45782 1
 -1.47649 +0.98338 0
 +0.44864 -1.27828 0
 -0.68197 -1.58715 0
 -1.29828 -0.25417 0
 -0.00353 +0.44766 1
 -1.72407 +0.12030 0
 -0.43493 +0.66931 0
 -1.17970 -1.14656 0
 -1.58294 -1.09788 0
 +0.13006 +0.32185 1
 +0.43790 +2.20725 0
 +1.95196 -0.88929 0
 -0.06246 -2.54575 0
 +0.05051 -1.07168 0
 -0.39641 -1.97045 0
 +0.18504 +0.03782 1
 +0.61334 +0.34885 0
 -0.76297 -1.13358 0
 -0.52266 -1.85352 0
 +1.41117 +1.58697 0
 +1.03062 -1.30141 1
 -1.43832 +0.26872 0
 -0.67950 -0.09319 1
 -0.32306 -0.57877 0
 +0.10454 -0.72435 1
 +0.68835 +1.80530 0
 -0.23632 -0.11095 1
 +0.78268 -0.74382 1
 -0.35268 +1.13815 0
 -1.40726 +0.51365 0
 -0.76000 -0.12083 0
 -0.36647 -0.54277 1
 +1.70422 +0.28828 0
 +0.02422 +0.41340 1
 -0.17563 -0.85060 0
 +0.48328 +0.39506 1
 +0.24730 +1.32295 0
 +1.17037 -2.50512 0
 +1.75279 +0.78857 0
 -0.43536 -1.21253 0
 +0.58538 +0.66550 0
 +0.28074 +0.52138 0
 -0.48164 +0.04715 0
 -0.63715 +0.52708 0
 +0.68356 -0.44468 1
 -0.71899 +1.17499 0
 -0.44367 +0.04278 0
 -0.03403 -0.51180 1
 +1.35107 +0.17584 0
 +0.03204 +0.63456 0
 +1.29247 +0.68527 0
 -0.98555 -0.02521 0
 +1.89988 +1.94527 0
 -0.16366 +0.53687 0
 +0.42140 +0.82146 0
 +1.14170 -2.90572 0
 -0.37904 -0.22240 0
 -0.42056 -2.04147 0
 -0.23757 +0.94353 0
 +0.69968 -0.62256 1
 -0.97713 +0.10207 0
 -1.07453 +1.53476 0
 +1.50077 -0.32389 0
 +0.62956 +0.92281 0
 -1.27896 +0.44174 0
 +2.15816 +0.90942 0
 +0.64426 -1.20076 1
 +1.09120 +0.55886 0
 -0.39050 -0.38569 1
 -1.20374 -0.26332 0
 -1.82291 -0.47935 0
 +1.32028 +0.55307 0
 -0.78462 -0.89089 0
 +0.65320 -0.35260 1
 -0.91278 -1.23420 0
 +1.48749 +0.75252 0
 +1.55323 -0.83654 0
 +0.56628 -0.57884 1
 +0.81118 +0.13868 1
 +0.74528 -2.39445 0
 -0.28435 +0.25926 0
 -1.83713 -1.66031 0
 -0.50343 -0.00326 1
 -1.69238 -0.36533 0
 +0.51429 -2.14832 0
 -0.08649 -0.52611 1
 +0.75315 -0.29757 1
 -0.28791 +0.89492 0
 -0.62731 +0.01619 1
 +0.74817 +0.22555 1
 +0.65197 +0.17358 1
 -0.02203 +0.84881 0
 -0.16390 +0.91403 0
 -0.44891 +0.33753 0
 +0.05777 -1.16844 0
 -0.28569 -0.01193 0
 -0.68070 +1.03608 0
 +0.05700 +0.27977 1
 +0.19597 -1.39480 0
 +0.16373 +0.51796 1
 +0.18186 -1.27193 0
 -0.93285 -0.07031 0
 -1.58507 +1.53881 0
 +0.67906 -0.93897 1
 +0.00520 +1.47325 0
 -1.52196 +1.47695 0
 +0.66086 -0.14603 1
 -0.29519 +0.91336 0
 +1.26384 +1.08622 0
 +0.57539 -0.72965 1
 -0.19705 -0.28938 1
 +1.60904 -0.33632 1
 +0.34917 -0.95793 1
 -0.19598 +1.18914 0
 -0.85294 +1.36556 0
 +1.10379 +0.00502 0
 +2.09562 +0.58578 0
 -1.20867 +0.75375 0
 -0.32050 +0.28595 1
 -0.86331 -0.74035 0
 -0.53313 +0.19906 1
 -1.55868 +0.90041 0
 +0.09008 -0.13443 1
 -0.79028 +0.85448 0
 -0.12746 -1.40407 0
 -0.11927 +0.44723 0
 -1.15849 +0.16199 0
 +0.90521 -0.30203 1
 +0.15360 -0.52982 1
 -1.17555 -0.35008 0
 -0.03568 -0.39990 1
 +0.95658 -1.42256 0
 -0.01153 -1.31359 0
 -0.33443 -0.45873 1
 +0.20141 -0.47630 1
 +0.50135 -0.45921 1
 -0.54380 -0.55540 0
 +1.55259 -0.73460 1
 +0.32229 +0.23095 0
 +1.20069 +0.38130 0
 -0.86142 +0.89348 0
 +0.85425 +0.26425 1
 +0.68679 -0.90300 1
 -1.54402 -1.48190 0
 -1.37608 -0.40176 0
 -0.07213 +0.79688 1
 -0.13046 +0.38163 1
 -0.98091 -1.76066 0
 -0.73167 +0.27673 0
 -0.38124 -1.13813 0
 +0.33695 -0.03409 1
 +0.04805 +0.40198 0
 +1.10803 -0.88946 1
 -1.98746 +0.52541 0
 +1.33711 -0.94324 0
 -0.48682 -0.49299 1
 +0.39803 +0.23465 1
 -1.83444 -0.48475 0
 -0.89131 -1.08310 0
 +1.16358 -1.37814 0
 +0.38790 -0.19760 1
 +0.42454 -0.10571 1
 +1.49887 -1.74406 0
 -0.06554 -0.88796 1
 +1.80282 +0.24347 0
 -1.17264 -1.01570 0
 +0.65161 -0.51766 1
 +0.45560 -1.98525 0
 +0.72729 -0.13940 1
 -1.30757 -0.01605 0
 -0.32427 -0.79884 1
 -0.50539 +1.65615 0
 +0.00003 +1.05884 0
 -0.72236 +1.23559 0
 -0.08605 -1.02518 0
 -0.38402 -0.25579 1
 -0.21836 +0.27914 1
 +1.98982 +0.27109 0
 +1.22463 -0.61621 1
 +0.34669 -1.46563 0
 -0.36742 -0.18077 1
 -0.60758 -1.04249 0
 -0.44296 +1.74797 0
 +0.49865 -0.47945 1
 +1.52566 -1.26577 0
 +0.48089 -1.35252 1
 +0.04510 +0.28542 1
 +0.61637 -0.87803 1
 +0.23587 -0.18555 1
 +0.46526 -0.34291 1
 -0.01941 +1.19162 0
 -0.08110 +0.01897 1
 +0.51170 +0.13315 1
 -2.45133 +1.03591 0
 -0.78782 -0.27212 1
 +0.08291 -0.51390 1
 +0.82611 +0.59148 0
 -0.45161 -0.49598 1
 +0.11661 +1.60059 0
 -1.44599 +0.19328 0
 +1.08980 -0.85440 1
 -1.97010 -0.00022 0
 +0.73800 -0.07494 1
 +1.03351 -0.84148 1
 -1.75046 +1.16711 0
 +0.81726 +0.38246 0
 -0.76456 -1.33824 0
 -1.04672 +0.21515 0
 -0.79548 -0.78242 0
 +0.58135 -0.46888 1
 +0.46404 -0.51162 1
 +0.39792 +0.72551 0
 +0.72293 +0.34987 1
 +0.64604 +0.50190 1
 -0.76507 +0.53032 0
 +0.41095 +0.33940 1
 -1.12941 -0.71752 0
 +2.20025 -2.09684 0
 +0.12139 -0.38393 1
 +0.14160 +0.86297 1
 +0.21035 +0.18265 1
 -1.31572 -0.18511 0
 +0.32304 -1.19824 1
 -1.22166 +0.82497 0
 +0.92948 -1.62000 0
 +0.29783 +1.35623 0
 -2.20650 -0.34314 0
 +0.23856 -0.10809 1
 +1.29817 -0.88907 0
 -0.44145 +1.20301 0
 +0.76020 -0.11685 1
 -1.52950 +0.74027 0
 +0.82053 +1.83010 0
 -0.31629 -0.03362 1
 -0.85796 -0.43349 0
 +0.60477 -0.64534 1
 +0.47797 -0.74805 1
 -1.62081 +0.69631 0
 -1.01136 -1.96269 0
 +0.59814 -0.68621 1
 -0.41632 +1.26998 0
 +0.14660 -0.43070 1
 +0.33316 +1.11418 0
 +0.53537 -0.10308 1
 -0.90478 +0.93195 0
 -1.40439 +0.48537 0
 -0.00385 +0.14964 1
 +1.31408 +0.57866 0
 +0.64305 +0.25836 1
 +0.56360 -0.68295 1
 +1.15357 -0.58245 1
 -0.21849 +0.14004 1
 -1.28137 -0.56316 0
 -0.05870 -0.12350 1
 +0.20318 -0.53254 1
 -0.77452 -0.80429 0
 +0.56003 +0.77409 1
 -1.40142 -0.27907 0
 -1.67476 +0.05106 0
 +1.34800 -0.19149 1
 -0.48620 +0.38814 0
 +0.42121 -1.66699 0
 +1.44831 -0.08946 0
 +0.14292 +0.38714 1
 +0.54262 +0.98302 0
 +0.09067 +0.22769 1
 -0.67423 +1.15999 0
 +0.65228 +0.08860 0
 -0.52749 +0.77386 0
 -0.08458 -0.16084 1
 -0.64513 +0.33861 0
 -0.32396 -1.05126 1
 -0.37286 -1.48992 0
 +0.11925 +2.32422 0
 +0.25009 +1.81558 0
 +1.36645 +0.05956 0
 -1.62236 -0.84600 0
 -0.03614 -1.90966 0
 +0.76536 -0.07554 1
 -0.42883 +0.58967 0
 +0.57928 -0.47576 1
 +0.81955 +0.88703 0
 -0.08717 +0.56062 0
 -0.71368 +1.30699 0
 -0.99148 +1.23237 0
 -0.25747 +1.16994 0
 -1.31691 +1.47592 0
 -1.11501 +0.43779 0
 +1.45038 -0.74872 0
 -0.12267 +0.63774 0
 +1.37088 -0.78708 0
 +0.00003 -0.19541 1
 +0.85417 -0.68442 1
 -1.01663 +1.01805 0
 +1.00873 -1.24919 1
 -0.81976 +1.01037 0
 +0.59499 -1.24264 0
 +1.14830 -0.46890 1
 -1.17340 +1.53962 0
 +0.47138 +1.03833 0
 -0.88619 -2.17660 0
 +1.92438 +0.00838 0
 -1.44931 -0.52156 0
 -2.30702 +0.54830 0
 +1.81726 -0.42275 0
 +0.83545 -1.07427 0
 +0.36773 -0.52093 1
 +0.37992 -0.71450 1
 -0.08761 +1.89769 0
 -1.88924 +1.10875 0
 +0.13287 -0.57086 1
 -0.49387 -1.55946 0
 -1.77458 -0.56011 0
 -0.18366 -0.57613 1
 +0.04778 -1.13081 0
 +1.00644 +0.58562 0
 +1.17646 +1.56187 0
 +0.50758 +0.59803 0
 +1.49127 +0.70177 0
 -2.23046 -0.28226 0
 -0.90914 -0.02532 0
