 +0.73777   +1.74287
 +2.20529   +1.31553
 +0.18273   +1.62442
 +0.50609   +2.00993
 +0.53482   +1.74831
 +0.62892   +1.82605
 -0.52873   +0.54378
 +0.56700   +1.76471
 -0.67720   +0.38404
 -0.14307   +1.17342
 -0.05112   +1.21035
 +0.93056   +1.64999
 -1.38851   +0.40134
 -0.01807   +1.31387
 +1.00097   +1.41515
 +0.79963   +1.71755
 +0.04467   +1.51092
 -0.35412   +0.81402
 +1.71914   +0.79150
 -1.13985   +0.28551
 +1.22567   +1.13442
 +0.35628   +1.66681
 -2.01139   +0.13063
 +1.15398   +1.12681
 -0.35242   +0.70201
 +1.26751   +1.12930
 -0.42474   +0.50682
 -1.46503   +0.46226
 +1.82262   +0.85896
 -0.75409   +0.42227
 +0.53231   +1.71692
 +0.45560   +1.95638
 -0.74707   +0.20304
 +1.06048   +1.37086
 +1.94306   +0.75959
 +0.67819   +1.74756
 +1.63563   +0.80979
 +0.74148   +1.77858
 -0.31919   +0.95201
 +0.63872   +1.78508
 +0.82660   +1.68812
 +0.03649   +1.37169
 -1.58645   +0.50210
 +0.95541   +1.63993
 -0.75837   +0.35565
 +0.83292   +1.87261
 -1.94051   +0.25786
 +0.30725   +1.89651
 -0.01376   +1.40750
 -0.67205   +0.43301
 -0.10052   +1.22661
 -0.38177   +0.59318
 -0.11311   +1.21556
 +0.95384   +1.56860
 +0.68584   +1.74926
 -0.24205   +1.05612
 -0.06861   +1.16692
 +0.54518   +1.77689
 -0.33598   +0.57871
 -0.70838   +0.40091
 +1.03594   +1.24457
 -0.83511   +0.20131
 +0.79531   +1.79901
 +0.14341   +1.58617
 +0.74030   +1.67369
 +0.16544   +1.67601
 +2.30475   +1.34697
 +0.32507   +1.91416
 +0.84290   +1.71075
 +0.57963   +1.93423
 -1.16435   +0.15292
 -0.10825   +1.34960
 +0.24986   +1.75016
 -2.07891   +0.02978
 -0.27556   +0.76234
 +1.60793   +0.80091
 +0.34119   +1.68239
 -0.33140   +0.78375
 +1.03882   +1.41081
 -0.66828   +0.37463
 +0.21020   +1.86313
 +0.01478   +1.50015
 +0.90778   +1.71339
 -0.21026   +0.98394
 +0.14119   +1.57524
 -0.50171   +0.59349
 -1.67506   +0.34976
 +0.36619   +1.72304
 +1.23706   +1.02863
 +1.45459   +0.86143
 -0.93745   +0.19863
 -1.18555   +0.32117
 +1.02009   +1.60581
 +1.29927   +1.05133
 -0.66401   +0.45569
 -0.26084   +0.98122
 -0.77621   +0.25512
 +0.95966   +1.49731
 +0.67606   +1.72516
 +0.51763   +1.82474
 +0.92125   +1.48883
 +0.71071   +1.82565
 +0.20488   +1.71830
 +0.18742   +1.76290
 +1.17629   +1.18122
 -2.09506   +0.04631
 -1.34325   +0.30449
 -1.61863   +0.47725
 -2.28836   -0.41038
 -0.23067   +0.89124
 +1.51405   +0.82490
 +0.27534   +1.72921
 -0.11440   +1.30297
 -0.53739   +0.41352
 -0.25572   +0.82185
 +1.62005   +0.75254
 +0.72717   +1.81562
 +0.74430   +1.78589
 -0.59127   +0.41390
 -2.03004   -0.00643
 -0.51924   +0.44031
 +0.72650   +1.77074
 +0.44079   +1.95454
 +0.59215   +1.92749
 -0.01738   +1.30356
 +0.39315   +1.77761
 +2.09830   +1.03615
 +0.66496   +1.92371
 +0.50928   +1.94662
 +0.14850   +1.48249
 -0.27969   +0.98942
 +0.76038   +1.81211
 +0.27614   +1.72433
 +0.09972   +1.59269
 +0.95988   +1.50407
 -1.23859   +0.22805
 +1.40933   +0.95267
 +0.17726   +1.65455
 -0.00069   +1.41758
 -0.86681   +0.12109
 +0.14946   +1.42297
 +1.41361   +0.87320
 -1.41623   +0.44176
 +0.44071   +1.98525
 +0.08435   +1.65534
 +1.55944   +0.68445
 +0.65185   +1.93802
 -1.32424   +0.38238
 -0.97856   +0.02554
 -0.65267   +0.37045
 +0.34473   +1.93113
 +0.21833   +1.67307
 +0.21628   +1.87899
 +0.51644   +2.10766
 -0.74116   +0.50041
 +0.65652   +1.88967
 +0.17809   +1.76989
 +0.87155   +1.52402
 -1.51063   +0.56516
 -0.01859   +1.49175
 -0.14647   +1.10850
 +0.79939   +1.58415
 -0.50671   +0.53328
 -0.70048   +0.25952
 +0.03831   +1.67299
 +0.44600   +1.84922
 -2.32643   -0.48282
 +0.40310   +1.83660
 -1.45954   +0.49452
 +1.45793   +0.82856
 -0.24141   +1.00805
 -1.20593   +0.38177
 +0.66051   +1.86231
 -0.85698   +0.18191
 +0.66826   +1.80916
 +0.24724   +1.84476
 +1.07847   +1.17018
 -0.02485   +1.38791
 +2.38663   +1.47177
 -1.35200   +0.45646
 +0.89077   +1.61732
 -0.71760   +0.21380
 +2.04927   +0.94482
 +1.30347   +0.95663
 +0.08661   +1.55090
 -0.20490   +1.08707
 +0.88860   +1.43196
 -0.22315   +0.99366
 +0.81006   +1.69879
 +0.70022   +1.89561
 -0.16048   +1.20690
 +0.78975   +1.69762
 -1.98992   +0.19363
 +0.18113   +1.71291
 +1.56052   +0.83640
 -0.31936   +0.79970
 -0.11871   +1.22769
 -0.68866   +0.34777
 -1.33411   +0.19151
 -0.08534   +1.31386
