 -1.21720   +4.43135 1
 -1.08126  +21.36427 1
 -2.44756   +6.54982 1
 +0.29036  +22.11988 0
 +0.07635  +11.57517 1
 -2.96004   +9.86024 1
 -2.04559  +11.71176 1
 +1.07277  +13.01514 0
 -2.00662   +7.14659 1
 -2.81107   +7.56286 1
 -1.70618  +16.57355 1
 -0.94567  +12.23115 1
 -1.83643  +15.08776 1
 -0.81824   +9.57560 1
 +0.92272  +25.97285 0
 -1.47239  +11.88796 1
 +1.42249  +24.56519 0
 -1.73519  +11.02115 1
 +2.02773  +19.81099 0
 -1.80721   +5.68485 1
 +2.05106  +19.12301 0
 -1.11996   +8.35760 1
 -1.92485  +17.69759 1
 -1.94404  +14.73709 1
 -0.53181   +7.21651 1
 -3.39494  +15.89350 1
 -1.90969   +9.16227 1
 -0.63400   +8.35141 1
 +4.36207  +28.61476 0
 -1.31099   +7.36482 1
 -1.33879  +18.18797 1
 -1.31934   +3.88385 1
 +2.87274  +11.70411 0
 -2.18007  +10.91004 1
 +0.63256  +18.65152 0
 +3.25707  +23.45348 0
 -1.77010   +8.10837 1
 -1.23414  +10.23116 1
 -0.08868   +4.38762 1
 -2.79573  +28.15363 1
 -0.98629   +7.06310 1
 -2.63774  +23.22217 1
 +1.10903  +21.01851 0
 +3.88296  +16.50782 0
 +0.48755  +19.30142 0
 +2.36618  +23.02282 0
 +1.92148  +28.14985 0
 +1.91020  +20.01780 0
 +1.98107  +29.26558 0
 +0.22542   +3.92742 1
 -3.19002   +8.16485 1
 -2.25356   +4.78808 1
 -0.71581  +13.95108 1
 -2.95346  +10.53537 1
 -1.95594  +17.15020 1
 -2.87341  +11.06378 1
 +2.27430  +32.17873 0
 +0.71496  +13.36838 1
 -2.02789   +5.59862 1
 +0.51088  +14.15122 0
 -2.63449   +6.08676 1
 -1.19190   +5.99157 1
 -1.86371   +6.39999 1
 -1.92748   +7.70691 1
 -0.51746   +3.26123 1
 -0.85798   +3.78971 1
 +1.50457  +17.99522 0
 -2.01034   +8.02257 1
 -3.37241  +11.03298 1
 -3.54561   +6.87744 1
 -2.55215  +21.19020 1
 -2.56070   +9.05283 1
 -3.52053  +19.88590 1
 +2.85912  +17.43192 0
 -1.34529  +17.66324 1
 -1.44406  +10.10399 1
 -1.33528   +2.61685 1
 +1.15960  +26.65650 0
 -1.07454  +13.40176 1
 +2.25674  +14.02214 0
 +0.82643  +19.27911 0
 +3.33225  +35.53373 0
 -2.59847  +14.21666 1
 -0.47622   +8.33353 1
 -3.25142   +8.23559 1
 -2.74549   +9.28664 1
 -2.61257   +5.33197 1
 +2.86738  +17.42238 0
 +0.32159  +13.58109 0
 -2.57526   +5.16504 1
 -0.96298   +6.72944 1
 -0.88199  +17.20352 0
 +1.13997  +14.57646 0
 +2.54252  +14.34895 0
 +1.45988  +29.74264 0
 +0.83386  +16.02655 0
 -3.65586  +11.10468 1
 +1.49489  +21.43555 0
 -2.79783   +8.20449 1
 -0.00908   +3.64435 1
 -2.24092  +11.39989 1
 -2.58340  +19.16587 1
 -1.22150  +14.50819 1
 -2.37457   +9.47511 1
 -1.56665  +11.40981 1
 +1.26440  +18.09016 0
 -2.70176  +22.02147 1
 -1.46495  +17.22801 1
 +0.59945  +23.51016 0
 -3.69728  +20.50656 1
 -1.73612   +4.24151 1
 -0.98766   +9.82247 1
 -1.07052  +11.31122 1
 -4.07387  +13.21147 1
 +0.92339  +14.86038 0
 +2.13118  +13.43254 0
 -2.30220  +16.61254 1
 +0.92794   +2.34866 1
 -0.69377   +5.91224 1
 -1.92670  +12.85723 1
 -2.37166   +9.17709 1
 -2.37114  +10.59338 1
 +2.22826  +25.46915 0
 -0.39678  +11.57482 1
 -2.60275  +13.05565 1
 -2.01724   +5.67811 1
 -1.38974  +11.02357 1
 +2.38042  +14.32195 0
 -1.79666  +14.20422 1
 +1.52979  +24.49629 0
 -2.43457  +16.06492 1
 +0.41944  +12.93671 0
 -1.01137  +11.42366 1
 -1.29392  +12.86238 1
 -1.93140  +11.15705 1
 +0.94955  +18.87128 0
 -1.79111  +20.01341 1
 -4.44067  +18.39129 1
 -2.73433  +13.94351 1
 -3.72544  +12.11121 1
 -2.50359  +15.42467 1
 -2.87587   +8.39517 1
 -0.58814   +7.11634 0
 -1.95888  +14.96909 1
 -2.14324  +12.27662 1
 -0.98158  +10.46494 1
 -4.59313  +12.57014 1
 +1.81529  +14.84228 0
 +3.73297  +42.26374 0
 -2.83997  +10.95914 1
 -1.02494   +9.32781 1
 -2.71361   +8.32497 1
 +1.23897  +31.31344 0
 -0.82247  +10.11218 1
 +2.94400  +19.18027 0
 +0.18714  +20.02995 1
 -2.71208  +17.26836 1
 -3.64030  +12.79379 1
 -0.58207   +1.07733 1
 -2.90450  +12.96525 1
 -2.44711  +15.32254 1
 -1.35368  +14.02609 1
 -3.05186  +17.90482 1
 +1.29379  +31.54071 0
 -2.39728   +9.93754 1
 -0.92367   +7.09111 1
 -2.44698  +15.81963 1
 -2.88121   +9.07712 1
 -0.69992   +9.76620 1
 +0.86262  +17.13584 0
 -4.08846  +14.27836 1
 -1.53056   +3.63190 1
 -2.49418  +18.52001 1
 -1.10396   +6.36007 1
 -1.52446   +2.40136 1
 -2.01441  +21.28531 1
 +2.28560  +27.88918 0
 -1.80607   +5.51917 1
 +1.59494  +11.01250 0
 -1.70633   +3.58660 1
 -1.85267  +15.82718 1
 -0.40467  +11.37290 1
 -1.63479   +2.17182 1
 +1.38925  +13.25677 0
 -1.85701  +15.51585 1
 -1.06481   +8.06821 1
 -1.38131   +2.88609 1
 +1.36211  +20.33000 0
 -3.91747   +8.98084 1
 +2.89657  +31.03846 0
 -4.00071  +12.76729 1
 -1.88463   +6.48443 1
 -2.79161  +11.95304 1
 +1.32733  +16.28172 0
 +0.81807  +15.66576 0
 +1.93298  +18.74857 0
 -1.62833  +11.54672 1
 -2.94081  +19.17329 1
 +0.35722   +2.01012 1
 +2.71491  +24.28148 0
 -2.21864  +12.87569 1
 +2.24851  +21.19713 0
 -2.66573   +6.50422 1
 -2.16442  +11.46934 1
 -2.98513   +6.66727 1
 -2.49930   +3.18370 1
 -2.00680   +6.00538 1
 -3.00877  +19.16003 1
 -1.41466  +12.83506 1
 -3.59748  +14.16326 1
 +1.75395  +31.36033 0
 -1.94516   +6.05162 1
 -1.29736   +9.84845 1
 -1.37999  +13.07344 1
 -1.96605   +5.74880 1
 -2.32727   +7.49843 1
 -1.35620  +10.91875 1
 +1.04576  +15.04164 0
 -0.88385   +5.62682 1
 +2.05345  +15.34103 0
 -1.68330  +22.44419 1
 -1.91256  +15.85190 1
 -2.82415  +16.57913 1
 -2.70403  +14.32039 1
 -3.32725  +36.83783 1
 -2.62122  +12.40736 1
 +0.54479  +16.23159 0
 -1.38776   +8.66895 1
 -0.69892  +19.67184 1
 +1.09360  +25.89990 0
 -0.68606   +3.07353 1
 -2.83904   +6.61882 1
 -2.04470   +9.60373 1
 -4.05236  +11.42125 1
 -1.73981  +16.08765 1
 -3.79684  +14.06130 1
 +1.24165  +36.92022 0
 +1.41493  +20.77360 0
 -0.95475   +7.98934 1
 -2.14444   +6.96992 1
 -1.51320  +14.53557 1
 +3.93928  +34.54204 0
 -2.97537   +7.08665 1
 -2.70857   +7.99747 1
 +1.39465  +14.10575 0
 -0.93527  +16.04771 1
 -0.92957  +21.20559 1
 +2.81518  +21.97428 0
 -1.16096  +11.64934 1
 +2.04948  +16.40193 0
 +1.91306  +10.93262 0
 -1.25243   +4.43584 1
 +2.41128  +24.03309 0
 -3.68302  +13.64374 1
 -0.28497   +2.94840 1
 -1.96744  +24.44370 1
 -1.40321  +21.13633 1
 -1.60287  +17.29643 1
 -1.26566   +5.28850 1
 +2.29976  +21.42393 0
 -2.57323  +12.79943 1
 -2.08425   +4.85399 1
 -3.34868  +27.30791 1
 -2.88448  +14.48998 1
 +1.00164  +14.02914 0
 -2.92879  +10.83456 1
 -2.48495   +6.93906 1
 +2.82978  +23.27052 0
 +0.60435   +5.74627 1
 -0.36599   +4.05880 0
 -2.73969  +11.36626 1
 -1.81128  +12.53761 1
 -2.86960   +8.91323 1
 +3.68069  +21.77828 0
 +0.74457  +19.19183 0
 +1.36366  +31.72659 0
 +0.38512  +21.13414 0
 -1.89086   +7.41430 1
 -3.56281  +12.83336 1
 +0.74849  +17.68115 0
 -2.80621  +10.44454 1
 +1.31833  +14.15622 0
 -2.57027  +10.33367 1
 +2.57598  +30.63807 0
 -3.06721   +6.86765 1
 -2.35922  +12.82842 1
 -3.48502  +12.14904 1
 +1.17744   +9.09572 0
 -1.46270   +4.90105 1
 +0.74180  +30.73818 0
 -2.63036  +10.29255 1
 -1.95744   +9.38913 1
 -2.78980  +13.76889 1
 -2.64933  +20.21848 1
 +2.19049  +14.03756 0
 -3.39165  +17.35097 1
 -1.94837  +14.97683 1
 +1.02707  +24.54254 0
 -1.49043   +4.85338 1
 +1.93819  +16.55034 0
 -1.89354  +15.62232 1
 -1.25024   +7.62528 1
 -1.80198  +16.09695 1
 -2.79782  +12.65811 1
 +1.73672  +17.58945 0
 -2.88371   +4.72477 1
 -2.14035  +12.50922 1
 +0.68884  +15.28054 0
 -2.44743  +13.48400 1
 -2.45402   +6.93737 1
 -3.79538  +13.53870 1
 -2.33623  +13.85550 1
 -1.46761  +16.98847 1
 +0.76930  +11.91571 0
 -0.61660  +11.31138 1
 -0.96338  +19.94283 1
 -3.13146   +9.86986 1
 -1.03123   +3.72382 1
 +1.27288  +24.56251 0
 -3.61944  +10.90943 1
 -2.26589   +8.67076 1
 -1.66268  +10.38755 1
 +1.70502  +18.53385 0
 -0.76741   +4.98561 1
 +1.34629  +12.77205 0
 -0.70135  +11.20505 1
 -1.58923   +6.19482 1
 +2.88329  +12.07519 0
 -1.94609  +10.60049 1
 -3.32869  +17.46893 1
 -0.38864  +13.99990 1
 -2.44951   +5.84093 1
 -2.62051  +18.54042 1
 -1.80149  +20.82043 1
 +2.59520   +8.52355 0
 -1.48374   +1.84875 1
 +0.98969  +18.87786 0
 -2.56164  +22.94712 1
 -4.40796  +20.03550 1
 -2.13888  +12.13567 1
 +1.27419  +19.13809 0
 -3.82568  +12.26547 1
 +1.49296  +12.68430 0
 -0.33259  +12.66218 1
 -2.47708   +7.66608 1
 -3.89706   +7.66437 1
 -1.23250   +2.18020 1
 +3.37643  +25.48763 0
 +3.74015  +18.34678 0
 -1.43649  +18.46487 1
 -1.55727  +11.80311 1
 +3.05078  +18.92409 0
 +3.53584  +21.65258 0
 -1.93933  +12.52804 1
 -2.58210  +14.55581 1
 -3.02871  +10.63201 1
 -2.89759   +9.26506 1
 -2.40358  +11.76018 1
 -2.27933   +7.55498 1
 +1.35609  +28.21969 0
 +2.20214  +30.03644 0
 +2.39858  +23.25057 0
 -3.39693  +10.96295 1
 +2.09888  +17.74183 0
 -2.35925  +14.21281 1
 +1.85314  +16.69752 0
 -2.54962  +11.13753 1
 +0.20661  +25.31622 0
 +0.36713  +18.06275 0
 -0.29845   +7.94265 1
 -1.36208  +12.45691 1
 +2.26521  +22.41702 0
 -3.09304  +13.02633 1
 -2.98774  +11.24485 1
 -4.02280  +17.20758 1
 +2.76193  +23.05861 0
 +1.42985  +16.78886 0
 -0.84910  +12.49214 1
 -2.18319   +8.59269 1
 -2.22618   +6.61940 1
 -1.40944  +14.53400 1
 +1.36959  +22.57865 0
 +1.60783  +27.13020 0
 -2.69599  +27.57326 1
 -2.26854  +12.47889 1
 +2.80828  +29.49924 0
 -2.75843  +13.25442 1
 -3.90504   +9.48528 1
 +1.36439  +13.64100 0
 +3.35922  +31.77594 0
 -1.29379   +9.71202 1
 -4.63123  +27.71180 1
 -2.22200  +13.68725 1
 -2.76474  +16.72494 1
 -2.15009   +3.73662 1
 -2.71293   +8.18039 1
 -2.74700  +31.96777 1
 -1.80710   +7.46719 1
 -4.29856  +14.63318 1
 +2.06979  +24.64934 0
 -1.97201  +16.32427 1
 +0.98043  +13.67677 0
 -2.14447  +10.77551 1
 +2.00165  +23.82116 0
 +2.24984  +30.46578 0
 +2.11856  +12.98188 0
 -2.48224  +22.20336 1
 -3.24286  +19.93758 1
 +3.80694  +11.91173 0
 +1.05168  +32.75495 0
 +1.47713  +17.79315 0
 -2.50724  +11.39853 1
 -0.17494   +2.92050 1
 +0.24068  +15.19215 0
 +0.26780  +19.70356 0
 -1.40266  +11.11476 1
 +2.60737  +20.37193 0
 -2.39102   +8.27087 1
 -3.40159  +15.98051 1
 +1.80338  +21.09001 0
 -3.07750   +8.18925 1
 +3.60001  +20.50255 0
 -1.46458  +16.59494 1
 -1.47451   +6.12425 1
 -1.42519  +14.24351 1
 +3.99068  +21.19810 0
 -3.72356  +13.56677 1
 -2.48049  +11.77665 1
 +3.38634  +24.81396 0
 +3.31482  +22.97006 0
 +1.03635  +19.91545 0
 -2.82215   +7.10431 1
 -0.54959   +6.81285 1
 -1.58496  +10.13702 1
 +1.76442  +21.69136 0
 +0.40203  +25.90480 0
 -2.54641   +6.94395 1
 -2.52989   +4.61684 1
 -1.27556   +7.93859 1
 -0.26330  +13.43013 1
 +2.35884  +30.32465 0
 -0.90149   +6.37549 1
 -1.63098   +8.49705 1
 -2.30274  +11.00441 1
 -1.17835  +18.36556 1
 -0.95670  +13.63466 1
 -2.12327  +13.21360 1
 -4.09975  +21.61360 1
 -1.54878  +11.74685 1
 -0.19344   +5.52900 1
 -3.16520   +9.76025 1
 -1.59796   +7.20955 1
 +3.12568  +22.73277 0
 -1.61343  +16.84401 1
 -2.18665  +10.44106 1
 +1.83323  +19.46117 0
 -3.75437  +13.72407 1
 -2.76091  +16.56594 1
 -0.92928   +7.91315 1
 +0.28640   +8.64367 0
 -2.34422  +15.09883 1
 +2.46126  +20.09047 0
 -1.92111  +10.27654 1
 -3.31612   +8.79359 1
 -1.45035   +6.06493 1
 +0.61630  +12.70061 0
 -1.49297   +5.40870 1
 -1.62088   +4.87233 1
 +0.78839  +10.47887 0
 -0.43058   +9.13771 1
 -1.36420   +9.10656 1
 -2.11823   +9.68382 1
 -1.75380  +16.97915 1
 -1.17284   +8.85735 1
 -1.98130   +3.63032 1
 +0.82939  +19.88717 0
 +2.00116  +23.80241 0
 +1.95687  +35.00347 0
 -2.41899  +11.83668 1
 -2.99423  +11.34065 1
 -4.00717  +11.36987 1
 -2.00792   +4.20279 1
 -0.87582   +6.97208 1
 -2.33761  +13.62429 1
 +0.11330   +7.93555 1
 -3.21198   +7.02460 1
 +1.61093  +14.82408 0
 -1.66113  +13.51962 1
 -2.22109   +6.64629 1
 -4.71421  +11.46558 1
 -1.42289  +11.97433 1
 -2.46418   +8.61104 1
 -0.41912   +8.62169 1
 -2.30460  +17.50248 1
 +1.17853  +22.86394 0
 +2.21535  +20.86330 0
 -0.78028   +6.18277 1
 +1.60529  +21.18802 0
 -0.63449  +13.10070 1
 -1.55079   +8.79840 1
 -1.21923   +5.83235 1
 -2.72656  +16.32945 1
 -1.95500   +6.04369 1
 -0.77477   +9.24260 1
 -0.55877   +4.78121 1
 -2.85934  +11.10823 1
 +1.83937  +16.08483 0
 -1.16992  +13.22991 1
 +1.97211  +18.15633 0
 -0.89498  +10.90257 1
 -1.73444  +10.93026 1
 -2.63622  +11.91560 1
 -1.72127  +10.14963 1
 -2.66121  +15.26132 1
 -1.29425  +16.81050 1
 -1.07421   +8.50174 1
 -2.75589  +13.66458 1
 +1.01866  +18.26890 0
 +1.75982  +20.18066 0
 +1.92946  +27.75502 0
 +1.60849  +20.55193 0
 +2.27806  +26.02225 0
 -1.21958   +9.78740 1
 -0.50597  +11.22232 1
 +1.50675  +17.04359 0
 +1.16268  +15.67328 0
 -3.62891  +21.24125 1
 +0.00826   +4.99741 1
 -3.10144   +7.41249 1
 -0.09082  +14.19373 1
 -2.03028  +10.52546 1
 -2.08742   +6.45872 1
 -2.07833  +19.86909 1
 -3.47759  +14.43793 1
 -0.75874   +8.87726 1
 -2.10023  +14.46925 1
 +1.18495  +14.36939 0
 -1.79323   +5.27829 1
 -1.54130   +9.59232 1
 +0.86397  +19.02306 0
 -2.43520   +8.39218 1
 -3.60354  +11.76024 1
 +1.75622  +45.67267 0
 -1.29706  +16.54988 1
 +1.87593  +18.18358 0
 -1.09266   +7.75738 1
 -3.34379  +10.93361 1
 -2.46220   +8.64942 1
 +0.35275   +5.24207 1
 -2.54046  +19.91682 1
 -1.32027  +19.64221 1
 -1.95455   +6.21249 1
 -1.07661   +8.71048 1
 +0.37777  +11.61837 1
 -1.87391   +5.49476 1
 -1.20873   +5.02433 1
 -2.47591  +15.31536 1
 -1.11815   +4.56145 1
 -0.11737   +4.87530 1
 -2.47785  +15.84159 1
 -0.72725   +6.97203 1
 -0.81998  +11.19813 1
 -0.91884  +13.21829 1
 +2.25205  +24.19761 0
 -0.93611   +9.56298 1
 -1.09631   +7.76798 1
 +1.88085  +19.02388 0
 -1.39911   +2.98250 1
 -1.48027   +4.92595 1
 -1.83211   +4.04724 1
 +2.71071  +24.07332 0
 +0.17434   +9.47080 1
 -2.18750   +7.84452 1
 +0.98656   +8.83243 0
 -1.38484   +3.16727 1
 +1.88641  +16.62716 0
 -1.26788  +24.15843 1
 -3.74356  +24.35146 1
 +2.64032  +17.42445 0
 -1.24785   +5.14834 1
 -0.40959   +9.30232 1
 -1.96894   +4.62673 1
 -1.38272   +8.12360 1
 -2.72038   +6.76570 1
 -0.08732  +15.79284 0
 -1.22081   +2.01518 1
 -1.12647  +10.89570 1
 -0.93634   +4.32825 1
 -1.50341   +7.25970 1
 +0.02488   -0.02522 1
 +1.99952  +21.82409 0
 -3.32584  +19.79880 1
 -1.95145   +6.59526 1
 -1.11056  +10.90079 1
 -0.89550   +4.59398 1
 -1.55257  +14.88100 1
 +0.89397  +12.29630 0
 +1.42804  +21.18018 0
 +0.16616   +2.32520 1
 -1.57614   +6.92737 1
 -4.02246  +15.15487 1
 -0.05577   +4.51468 1
 +1.30115  +18.26093 0
 +3.59128  +22.11921 0
 +3.10837  +35.26854 0
 -2.53013   +7.05584 1
 -1.29394  +12.15278 1
 -2.32580  +13.62594 1
 -1.97147   +3.56101 1
 -0.77550  +18.42161 0
 -0.60485  +19.14054 1
 +3.06018  +17.50899 0
 +0.43646  +19.79871 0
 +2.59921  +17.76209 0
 -1.65402   +2.54084 1
 -2.60827  +11.31492 1
 -1.58929  +13.89853 1
 -1.56049   +4.75068 1
 -0.81924  +14.94541 1
 -1.91370   +7.28190 1
 -0.50111   +1.72802 1
 -2.90903   +8.50154 1
 +1.57104  +16.72205 0
 -0.94695   +7.50641 1
 -3.75531  +15.17364 1
 -1.13135  +11.65760 1
 -2.96107  +18.48852 1
 +1.22528  +18.71223 0
 -1.84924   +8.52269 1
 -2.42358   +7.21894 1
 +1.14494  +16.45244 0
 +4.03658  +24.52685 0
 -2.14408   +8.55933 1
 -3.00083  +14.68442 1
 -3.55693  +15.15388 1
 -2.10960   +5.90296 1
 -2.15411   +7.65374 1
 -1.63987   +5.32131 1
 -0.16347  +16.17399 0
 +3.76109  +26.11236 0
 -0.81316   +6.18588 1
 -3.93148  +17.55169 1
 +1.64386  +11.64938 0
 +1.06604  +16.09742 0
 -4.62062  +14.17881 1
 +3.00046  +22.59316 0
 -1.62396   +7.35217 1
 -2.50602   +8.94031 1
 +3.44457  +21.03451 0
 +0.37780  +28.13758 0
 +1.05625  +16.67239 0
 +0.22360  +12.16514 1
 -1.24856  +13.83307 1
 -0.12390  +12.14458 1
 +0.20993   +8.26973 1
 -3.51275  +19.84058 1
 -2.05428  +11.39342 1
 -2.96933  +13.74046 1
 +1.54374  +13.40757 0
 -2.72514  +11.17073 1
 +2.19530  +20.83275 0
 +1.16940   +4.08350 0
 -2.82944  +12.42015 1
 +1.96961  +15.37978 0
 -1.29507   +4.75640 1
 -0.40539   +4.18528 1
 +0.51267  +21.53255 0
 -1.11009  +15.76196 1
 -0.73872   +8.43365 1
 -0.67632  +12.43064 1
 -1.14487  +17.10900 1
 +3.21648  +16.15640 0
 -1.26726  +10.03621 1
 +0.82162  +13.81064 0
 -2.91304  +24.80430 1
 +2.20568   +9.85302 0
 +1.54055   +9.30022 0
 -0.40723   -0.29424 1
 +1.70702  +16.34657 0
 -1.85318  +10.34791 1
 -1.99786   +6.90570 1
 +0.27466  +17.30289 0
 +1.12769  +21.74549 0
 -2.85719   +9.35558 1
 -2.93251   +8.11535 1
 -1.01799   +2.25012 1
 -2.76847   +7.64604 1
 +2.20800  +10.12118 0
 +1.97532  +19.31049 0
 -0.96762   +4.71517 1
 +0.90776  +19.62675 0
 -2.93128   +8.30092 1
 -1.83872  +16.07238 1
 -2.11527   +8.44530 1
 -1.40199   +5.55980 1
 -3.40109   +8.70988 1
 -1.26351   +8.85486 1
 -3.02948  +12.43513 1
 +3.32343  +24.71084 0
 -1.86892   +3.91554 1
 -1.20359   +5.37227 1
 -1.27416  +10.76836 1
 -2.95319  +18.68138 1
 -1.69871  +14.03456 1
 -0.43457   +8.89744 1
 -1.82172  +11.92378 1
 -1.87198  +17.56974 1
 -2.40763   +9.17611 1
 -1.78325  +18.90133 1
 -3.57310   +9.90539 1
 -2.33251  +10.44496 1
 -0.21406   +6.48908 1
 -1.67792   +6.99113 1
 -3.01113  +16.83788 1
 -1.27382   +5.49161 1
 -2.02407  +13.10596 1
 +1.14566  +20.05419 0
 -2.37557   +6.38817 1
 -0.81165  +13.39374 1
 -2.15863  +16.87346 1
 -3.02868  +16.93472 1
 -0.90103  +12.28394 1
 +1.06013  +33.16027 0
 -0.27917  +16.45146 1
 +0.31078   +9.20095 0
 -1.62681   +3.47085 1
 -3.30885   +9.05146 1
 -0.78076   +7.24907 1
 -1.86345  +11.18229 1
 -2.04541  +10.37503 1
 -2.65629   +3.57406 1
 -0.57905   +8.19594 1
 +2.25029  +22.13569 0
 -3.77420  +11.66871 1
 -2.02084   +8.78136 1
 -1.33564   +5.49808 1
 -0.64823   +3.70877 1
 -2.48217  +10.14030 1
 -1.56812  +12.44195 1
 +2.02203  +19.20340 0
 -1.74449   +8.84343 1
 -2.51187   +8.09129 1
 +1.60987  +20.93982 0
 +3.48681  +21.41098 0
 -0.23825   +4.70238 1
 -2.07805   +9.37636 1
 -3.25868  +15.63149 1
 -2.17108   +9.87375 1
 +1.21221  +21.40755 0
 +1.73020   +9.92155 0
 -1.49618   +5.08533 1
 -2.13422   +9.24119 1
 -1.03631   +8.77517 1
 -3.66572  +11.09293 1
 +0.90987  +15.00191 0
 -3.35518   +6.26531 1
 -2.04303  +16.97002 1
 -2.80906  +17.46065 1
 -0.18089   +8.73860 1
 -0.41285  +11.83013 1
 -1.67236  +11.46087 1
 -0.94292  +13.33020 1
 +0.51960  +17.57103 0
 +0.58704   +8.76648 0
 -3.13712   +8.76962 1
 +0.78744  +10.75010 0
 -3.75475  +13.45451 1
 -1.82014   +8.88445 1
 -1.18773   +5.94355 1
 -2.25179  +11.67681 1
 -0.07898   +3.13843 1
 +0.68089  +17.17321 0
 +1.61937  +12.99208 0
 -1.99227  +14.65187 1
 -1.32147   +3.94754 1
 -0.40256   +7.79220 1
 -2.25208   +9.18179 1
 +2.65359  +19.08649 0
 -1.92222  +10.89475 1
 +0.56599  +11.48285 0
 -1.27032  +17.85229 1
 +2.89693  +19.97564 0
 -1.13992  +28.41850 1
 -0.93487  +11.04282 1
 +1.51559  +25.66108 0
 -4.41716  +20.34207 1
 +0.64298  +17.97297 0
 -1.53243   +9.35796 1
 -4.20965  +13.61925 1
 -1.50243  +15.45810 1
 -0.29044  +11.28545 1
 -1.88357   +8.57793 1
 -1.95185   +9.68478 1
 -3.95321  +22.34136 1
 -2.81131   +4.06767 1
 -2.84162   +6.10699 1
 +2.57333  +18.10863 0
 +2.26901  +11.26040 0
 -1.72927   +7.37004 1
 -1.26488  +11.51149 1
 +0.00683   +1.40161 1
 -2.66995  +15.89656 1
 -1.87680   +9.66172 1
 -0.13794  +15.21869 1
 +0.54044  +19.16526 0
 +0.77055  +20.62192 0
 +1.23025  +16.33397 0
 -2.45155  +10.41656 1
 +2.66333  +20.56069 0
 -1.44434   +8.83842 1
 +1.28372  +40.38556 0
 -2.57665  +21.49951 1
 -1.38742   +8.78052 1
 -1.44177  +10.25926 1
 -3.57507   +6.68365 1
 +0.18769  +17.31680 0
 -1.57415  +19.34510 1
 -3.84891  +11.86453 1
 +2.16176  +18.06193 0
 -3.05094   +9.53132 1
 -1.55097  +13.69169 1
 +1.51043  +20.17523 0
 -0.66322   +6.43858 1
 +1.92877  +13.11615 0
 -0.67966   +4.61331 1
 -1.91472   +7.75851 1
 -1.76745  +22.65213 1
 +1.33517  +21.45361 0
 +2.40123  +21.20378 0
 +1.88123  +30.33805 0
 +3.26893  +24.37381 0
 -1.94760   +6.54007 1
 -2.30363   +9.88213 1
 +1.99177  +26.86125 0
 +0.51678   +9.72671 0
 -0.99956  +11.62221 1
 -1.49200  +10.31895 1
 -0.13219  +13.91993 0
 -1.71218   +9.89874 1
 +4.10938  +33.98414 0
 -0.93052  +14.55231 1
 +2.18914  +24.72140 0
 -1.59135  +14.26600 1
 -3.53573  +15.82056 1
 -0.01401  +14.98038 1
 +1.09231  +12.48489 0
 -3.17780   +5.64832 1
 +1.48106  +16.65044 0
 -2.90322   +8.33964 1
 -0.90809   +9.07230 1
 -1.10215   +6.45752 1
 -1.67025  +10.36402 1
 -0.90503  +19.64634 1
 -0.54763  +17.71205 1
 -2.08453   +6.43572 1
 -1.27871   +7.25210 1
 -2.97482  +16.08917 1
 -3.49695  +26.41530 1
 -1.75349  +14.05195 1
 -1.98282  +18.74686 1
 -1.31757  +13.79792 1
 +0.77378  +17.14151 0
 +1.82467  +27.82251 0
 -1.97871   +6.43174 1
 -2.09958   +2.32435 1
 -1.34237   +9.47208 1
 -2.50476  +17.16111 1
 +1.38434  +26.38903 0
 -1.00702   +7.68049 1
 -3.28331   +9.73064 1
 -3.06492   +8.86081 1
 +1.43276   +9.92970 0
 +1.75000   +2.27344 1
 +1.40117  +17.35277 0
 -0.72988   +0.27996 1
 -1.67201  +14.99871 1
 -1.65354   +3.66064 1
 +0.61321   +8.06793 1
 -2.50045   +7.76887 1
 +4.06641  +37.20508 0
 +0.95320  +29.83317 0
 +1.91373  +20.50453 0
 -3.51715  +13.82370 1
 -2.80779  +16.13258 1
 -1.99469  +11.48911 1
 -1.59665   +3.31812 1
 -1.38599  +12.77318 1
 -1.20535   +7.47493 1
 -2.43268  +13.08187 1
 -1.36489  +10.46616 1
 +2.88411  +28.03275 0
 +2.49811  +26.34154 0
 -1.96675  +22.03891 1
 -0.88216  +10.27356 1
 +0.22625  +15.31463 0
 +1.52231  +14.53772 0
 -1.71508   +7.27443 1
 +3.08311  +13.62490 0
 -1.52178  +30.18121 1
 -1.23436   +3.75299 1
 -0.43947   +7.06080 0
 -0.93678   +2.68071 1
 -4.00345   +7.17330 1
 -1.71766  +15.75690 1
 -2.52962  +11.97963 1
 -0.00155   +1.14748 1
 -3.65207  +18.55463 1
 -1.98885   +5.81102 1
 -3.31177  +16.55404 1
 -2.46337   +4.08283 1
 -0.60610   +5.97357 1
 -2.60380  +11.56406 1
 +0.16073  +16.80866 0
 -1.30068  +10.98713 1
 +0.83944  +18.38373 0
 -2.13256  +10.70058 1
 -2.76705   +9.04418 1
 -1.69762   +8.43160 1
 -3.41381  +16.80609 1
 -1.90419  +27.42156 1
 -1.56048   +8.62498 1
 +2.12505  +20.05709 0
 -2.24406  +13.15001 1
 -0.37237   +9.72001 1
 -1.84047   +7.15855 1
 +0.47561  +18.11822 0
 -3.42731   +8.37193 1
 +0.90286  +25.98488 0
 -2.39823  +11.73493 1
 -1.86139   +8.00544 1
 -2.11164   +8.19649 1
 -1.29994  +19.42806 1
 -3.96805  +23.23332 1
 -3.06190  +19.99855 1
 +0.66935  +16.41535 0
 -2.26867  +18.49850 1
 -1.52689   +5.76384 1
 -1.94169  +12.19926 1
 +2.07899  +34.71844 0
 +2.94144  +21.07777 0
 +0.68460  +17.29262 0
 +2.31731  +14.37601 0
 -1.63465   +3.56274 1
 +2.15724  +23.38950 0
 -2.45330   +8.42731 1
 -1.60301   +3.02379 1
 +2.81530  +25.28228 0
 -2.70319  +18.10313 1
 +1.82671  +22.47337 0
 -1.28090   +8.04093 1
 -1.72357  +15.29572 1
 +2.91054  +11.85364 0
 -2.76767  +23.94259 1
 -0.11344   +3.97930 1
 -3.23977   +7.57506 1
 +2.85318  +22.60282 0
 -1.53954  +12.71044 1
 -2.27843  +11.76331 1
 +2.11591  +26.82008 0
 +3.18736  +19.35919 0
 -2.56033   +9.77646 1
 +3.07048  +23.81717 0
 -0.78615   +8.17822 1
 +1.34391   +9.23187 0
 -0.18616  +14.65822 1
 +0.49006  +30.48412 0
 -1.88593  +17.36640 1
 +2.50933  +17.91514 0
 +1.30315  +12.92111 0
 -1.13703  +13.73893 1
 -3.71576  +14.31246 1
 +0.96824  +16.35487 0
 +2.45005  +17.43728 0
 -2.17338   +6.91928 1
 +1.48082  +22.83876 0
 -1.21129  +11.24134 1
 +2.05692  +14.26258 0
 -2.96790  +11.52312 1
 +2.53216  +11.83192 0
 -2.64491   +7.21438 1
 +1.97441  +12.84209 0
 +0.05646   +5.99556 1
 -2.43983  +14.10268 1
 +0.21337  +12.60134 0
 -0.29368   +5.71493 1
 -0.69042   +0.95980 1
 +0.17543  +12.91546 0
 -1.74629  +12.41324 1
 +2.52265  +15.09317 0
 -2.10885   +7.86310 1
 +2.44222  +35.45327 0
 +1.19246  +16.28468 0
 -1.21536  +12.23184 1
 -1.25852   +6.77244 1
 -1.04222  +11.90034 1
 -3.87709  +18.13770 1
 +1.38009   +3.61657 1
 -0.39990  +26.50056 0
 -2.78679  +11.22899 1
 -2.28310   +4.52977 1
