 -0.17308   +0.10809
 +0.31042   -0.50000
 -1.66585   -0.50000
 -1.50096   +0.23505
 -1.19390   +0.05765
 -0.63218   -0.50000
 -1.19941   +0.16945
 -1.33629   +0.15635
 +0.81874   -0.50000
 +1.40747   -0.50000
 +1.62370   -0.50000
 -0.32742   -0.50000
 -0.00893   +0.01220
 +1.36070   +0.01598
 -0.88435   +0.01384
 -0.32138   +0.35556
 -0.02540   +0.29030
 +1.29563   +0.11453
 -0.26447   -0.50000
 +0.72163   -0.50000
 +1.24919   +0.26967
 -0.12320   +0.20874
 -1.16689   +0.35873
 +0.95016   -0.50000
 -0.18146   +0.39124
 +0.65536   +0.33065
 +0.69522   +0.32380
 +0.38680   +0.13359
 -0.46724   -0.50000
 +1.23583   +0.49591
 +2.26194   +0.25206
 -0.88520   +0.02073
 -0.66574   +0.02718
 +0.87602   +0.13905
 +0.07229   -0.50000
 +0.84909   -0.50000
 -0.89391   -0.50000
 +0.89633   +0.00726
 +1.06725   +0.08657
 +1.22389   +0.18360
 +0.04924   +0.25785
 -1.84548   +0.11853
 -2.19773   +0.05240
 -0.13694   -0.50000
 +0.38246   +0.15625
 -0.65416   +0.19625
 -1.39190   +0.45455
 -0.79325   +0.16976
 -0.42554   -0.50000
 -0.00965   +0.08296
 +0.19693   +0.10120
 +0.74308   -0.50000
 +0.77510   +0.29856
 -0.14559   -0.50000
 -0.01190   +0.27780
 +0.45426   +0.24838
 +0.73926   +0.03784
 -1.36893   +0.14018
 +0.97475   +0.41202
 -1.98652   +0.06513
 +1.01531   -0.50000
 +0.38773   -0.50000
 +0.11586   -0.50000
 +1.27903   -0.50000
 +1.01771   +0.13306
 +1.17514   +0.49767
 +0.29165   +0.40438
 -0.76915   +0.23559
 -0.53379   +0.23900
 -0.26213   -0.50000
 +1.14359   -0.50000
 -0.60550   -0.50000
 -0.32807   +0.08837
 +0.49668   -0.50000
 -1.23227   +0.01651
 -0.10662   +0.09828
 -0.47620   +0.03425
 -0.93128   +0.32636
 +1.73723   +0.40298
 +0.94194   +0.46386
 +0.08075   +0.13697
 +0.35937   -0.50000
 +0.54785   +0.46249
 -1.61182   +0.07383
 -0.05724   -0.50000
 -0.36002   -0.50000
 +0.79717   +0.23993
 -2.14420   +0.00148
 +0.68137   +0.22852
 -0.49227   +0.17653
 -1.27964   +0.10067
 +2.08732   +0.17930
 -0.09176   -0.50000
 +0.66211   -0.50000
 +0.09329   +0.04548
 +1.06518   -0.50000
 +0.63854   +0.31547
 -0.51494   +0.25002
 +0.95433   +0.41949
 +1.08684   +0.37581
 +2.57221   +0.16382
 +0.36489   +0.03722
 -0.57573   -0.50000
 -1.50458   +0.09026
 -2.10052   +0.10898
 -1.01446   +0.28379
 -0.15563   +0.04737
 -1.50452   +0.06842
 +0.29115   -0.50000
 +0.53880   -0.50000
 +1.17940   -0.50000
 +0.36633   +0.03973
 +0.03878   +0.32225
 -1.23804   +0.34849
 +1.12396   -0.50000
 +0.41376   +0.10774
 +0.42991   -0.50000
 +0.12548   -0.50000
 -1.29323   +0.06427
 +0.37688   +0.30360
 +0.34179   -0.50000
 -0.77728   +0.02689
 +0.71351   +0.01163
 -1.82682   +0.00426
 -1.08042   +0.02146
 +1.03747   -0.50000
 -0.10134   +0.21048
 +1.32015   -0.50000
 -1.08681   +0.16352
 +0.04710   +0.12004
 +1.20224   -0.50000
 -0.17366   -0.50000
 -0.38808   +0.42187
 +1.26149   -0.50000
 -0.14022   -0.50000
 -1.35187   +0.08784
 -0.54034   +0.15619
 -0.32348   +0.05452
 -1.46245   +0.01185
 +0.54008   +0.08546
 +0.61489   -0.50000
 +0.39832   -0.50000
 +2.05504   -0.50000
 -0.27751   +0.05256
 +0.03877   +0.13802
 -1.22036   +0.48023
 +0.33739   -0.50000
 -2.61115   +0.04885
 -1.81690   +0.07599
 +0.61848   -0.50000
 -0.29390   +0.09266
 +0.79882   -0.50000
 -0.67084   +0.20660
 +1.10458   -0.50000
 +0.07998   +0.07661
 -0.56290   +0.05146
 -0.12611   -0.50000
 -0.71127   +0.15949
 +1.10558   +0.00796
 -0.99288   +0.00621
 -1.13396   +0.03406
 -0.35718   -0.50000
 -1.15272   +0.14900
 -0.33140   +0.07151
 +0.45333   -0.50000
 +0.32773   +0.15379
 +0.75039   +0.14160
 +0.57217   -0.50000
 -0.32154   +0.15859
 +1.70221   +0.24609
 -0.15367   -0.50000
 -0.24670   +0.39924
 +0.30775   +0.11954
 -0.97777   +0.01897
 -0.93644   +0.07139
 -1.29905   +0.04293
 +1.52165   -0.50000
 +1.49706   +0.29545
 +0.30560   +0.05118
 -0.70535   +0.03900
 -0.11162   +0.23082
 +1.63640   -0.50000
 +0.79564   -0.50000
 +0.20347   +0.32548
 -0.21815   +0.14930
 +0.57783   -0.50000
 +1.16819   -0.50000
 +0.35106   +0.04244
 -0.33325   +0.10289
 +0.95040   +0.08137
 +0.26659   -0.50000
 -0.69315   +0.11216
 +0.91708   -0.50000
 -0.47439   +0.45059
 -1.20687   +0.20347
 +1.19510   -0.50000
 -0.82793   +0.27991
 -1.19436   +0.00190
 +1.04960   -0.50000
 -1.48935   +0.22353
 +0.29475   +0.50678
 -0.27962   +0.46036
 -1.11276   +0.65815
 +1.42307   +0.45682
 +0.84067   +0.65321
 +0.71249   +0.73066
 -0.41980   +0.05847
 -0.14131   +0.20124
 -0.10287   +0.38240
 -0.02485   +0.02076
 +0.05845   +0.07545
 +1.13878   +0.33469
 +1.06301   +1.71874
 +0.69221   +0.92113
 +1.18283   +1.94813
 +2.42111   +0.10520
 -0.16884   +0.12935
 +1.28439   +1.06654
 -1.75231   +0.14984
 +0.87031   +0.85091
 +1.49706   +0.20642
 +0.44780   +1.64325
 +1.90013   +1.68858
 -2.17462   +0.03795
 -1.88163   +0.10974
 -1.25354   +0.04504
 -0.87092   +0.62502
 -0.15633   +0.11474
 -0.95784   +0.34352
 +1.72628   +0.12017
 +1.52277   +0.10194
 -0.60949   +0.16177
 -1.49494   +0.10897
 -0.10445   +0.43256
 +1.69998   +0.48047
 -0.01059   +0.16013
 -0.29057   +0.52481
 -0.06703   +0.06444
 +1.19956   +0.00819
 -0.42060   +0.09643
 +1.38811   +0.35481
 +0.63340   +0.53635
 -0.92065   +0.04233
 -1.81757   +0.28446
 -0.78976   +0.17676
 +0.15583   +0.84460
 +0.57548   +0.44397
 +1.07525   +1.54131
 +0.06750   +0.90508
 -0.31764   +0.32309
 +1.30968   +0.51595
 -1.04303   +0.07226
 -0.97482   +0.34194
 +1.84371   +0.62948
 -0.98858   +0.27245
 +2.66207   +0.04523
 +2.00523   +0.15372
 -1.67397   +0.04672
 -1.00030   +0.13607
 +0.30666   +0.42117
 +0.27734   +0.26809
 -0.26223   +0.35553
 +0.03565   +0.24564
 +0.93624   +0.18096
 -0.75426   +0.08709
 +0.87701   +2.16235
 +0.31884   +0.33784
 +2.12162   +0.02095
 +0.29592   +0.26763
 +0.35338   +0.16578
 -1.78571   +0.41700
 -1.04666   +0.21655
 -0.47601   +0.45164
 +1.44616   +3.00103
 -1.22019   +0.19432
 -0.67195   +0.37717
 -0.08871   +0.03233
 +0.56121   +0.08720
 +1.35182   +0.37873
 +0.43663   +0.65943
 -0.42117   +0.05386
 +0.67433   +1.42541
 -0.28149   +0.28870
 +1.33814   +0.12655
 -0.33391   +0.60353
 -0.81180   +0.12465
 +0.48085   +1.87751
 +0.36953   +0.72537
 +0.80800   +2.52984
 +1.31041   +0.01244
 -0.01071   +0.23305
 +0.66359   +2.49382
 -0.04037   +0.44721
 -0.38768   +0.34149
 -0.05497   +0.02146
 -1.24788   +0.07830
 +0.56839   +0.79770
 +0.21725   +0.75787
 -0.57441   +0.20495
 -0.55357   +0.04511
 -1.20381   +0.03442
 +0.60070   +0.82454
 +0.28585   +0.51038
 +0.56058   +0.44031
 +0.55708   +0.53467
 -0.39978   +0.07904
 -0.14526   +0.24938
 +2.24543   +0.58938
 -0.95704   +0.49349
 -0.20813   +0.14344
 +0.59343   +0.50951
 +1.32864   +0.08774
 +0.49872   +0.24866
 -1.07413   +0.01983
 +0.81731   +1.31049
 -0.85916   +0.08965
 +0.04571   +0.46815
 -1.26315   +0.04487
 +1.31924   +1.01481
 -0.96724   +0.11835
 +1.47860   +1.77674
 +0.86810   +0.27565
 -1.39275   +0.36397
 +1.52717   +0.04605
 -0.83654   +0.08727
 -1.78174   +0.42066
 +0.04212   +0.09491
 +0.87221   +0.41903
 -1.70775   +0.01300
 +0.15621   +0.01139
 -0.35594   +0.01808
 +0.59819   +2.08073
 -0.53751   +0.19533
 -0.48611   +0.03696
 +0.49844   +0.50503
 +0.41687   +0.60119
 -0.55185   +0.09881
 -0.12843   +0.30063
 +1.01359   +1.03583
 +0.41204   +2.30476
 +0.83452   +0.39831
 +0.68872   +1.34816
 -0.56486   +0.13237
 +0.12990   +0.25945
 +2.08680   +0.00614
 -0.96429   +0.02971
 -0.01208   +0.37477
 -1.35359   +0.01686
 -1.92268   +0.00633
 +0.12844   +0.01547
 +0.60144   +0.05752
 +0.10623   +0.45021
 -0.33007   +0.01855
 +0.40179   +0.55297
 +0.65215   +0.79591
 -0.77625   +0.38169
 -0.13404   +1.14404
 +0.09288   +0.22384
 -0.13373   +0.73406
 -1.38990   +0.03465
 +0.00903   +0.33598
 -1.05668   +0.35305
 +1.60328   +1.16390
 +0.17861   +1.14457
 +1.13003   +0.71121
 +0.32925   +0.35750
 -0.89573   +0.56965
 +0.93929   +1.22840
 +1.39315   +1.12675
 -0.57155   +0.67114
 -1.69108   +0.00367
 +1.32077   +0.35769
 +1.53847   +1.41268
 +0.60887   +1.66517
 -0.28971   +0.21141
 +0.45371   +0.98314
 +0.12339   +0.61059
 -0.68737   +0.58423
 +1.25469   +0.93184
 +0.32195   +0.20372
 -1.03491   +0.09887
 -0.81544   +0.08973
 +2.37128   +0.16930
 +1.46816   +0.91859
 +0.47641   +0.18841
 -1.22223   +0.11390
 +1.05846   +1.58988
 -0.12592   +0.61934
 +1.79104   +1.62980
 -0.59097   +0.00428
 -0.66998   +0.44646
 +0.96531   +0.44345
 +2.77065   +0.35446
 -1.75023   +0.01696
 +0.60390   +0.09324
 +1.10687   +0.96885
 -2.02433   +0.29319
 +0.93387   +1.18292
 -0.02915   +0.06091
 +1.13083   +0.18388
 +0.06164   +0.25184
 -0.12885   +0.16755
 -2.62541   +0.16847
 +0.42394   +2.74632
 +0.25886   +0.81160
 +1.04101   +0.05088
 +0.21870   +1.07899
 +1.90679   +1.08766
 -0.12327   +0.20790
 -1.77669   +0.17106
 +0.25904   +0.12630
 +0.00619   +0.85484
 -0.19899   +0.42656
 +1.34908   +0.20142
 -0.19549   +0.59324
 +0.24291   +1.43256
 +0.36311   +0.01273
 -1.38300   +0.12541
 -0.41699   +0.05784
 +1.65018   +0.03891
 +0.92079   +1.24899
 -1.12755   +0.10099
 -0.86535   +0.11725
 -0.15562   +0.16693
 +0.05918   +0.31695
 -0.40946   +1.72233
 +0.72750   +0.41018
 -0.82399   +0.34395
 +0.08288   +0.47055
 -0.12908   +0.75869
 -0.31987   +0.09174
 -1.30293   +0.22305
 +0.66618   +1.81801
 +0.36465   +0.20093
 +0.05539   +1.15213
 +0.07163   +0.84032
 -1.51148   +0.33099
 -2.29677   +0.00594
 +0.35079   +1.94978
 -0.29524   +0.67932
 +1.67610   +0.58713
 -0.58831   +0.13605
 -1.42963   +0.24673
 -1.96423   +0.01798
 +1.47408   +0.34398
 -2.01923   +0.16611
 +0.62345   +0.41549
 -0.91317   +0.22698
 +0.17886   +0.24550
 -0.92231   +0.08471
 -2.38024   +0.14830
 -1.65267   +0.24125
 -1.81239   +0.15581
 -1.36002   +0.25018
 -0.07357   +0.15830
 +0.71469   +0.36564
 +0.53346   +1.10346
 -0.14529   +0.26397
 +0.60939   +4.15395
 +0.27813   +0.01683
 -0.77238   +0.05498
 +0.06930   +0.74277
 +0.56482   +0.04679
 +0.06014   +0.10460
 -3.13386   +0.03754
 -1.31566   +0.03297
 +0.57190   +1.08315
 +0.45134   +0.10062
 +0.74848   +0.69065
 +0.28629   +0.11312
 -0.79098   +0.33861
 +1.73321   +0.00664
 -1.05944   +0.23337
 -0.04291   +0.10569
 -1.00369   +0.26886
 +0.28107   +0.98421
 -0.51867   +0.34551
 +0.14422   +0.09783
 +0.74128   +0.86735
 -0.78527   +0.05862
 -1.18502   +0.13415
 +2.42882   +0.85141
 -0.54065   +0.16936
 +1.02307   +0.14367
 +0.24663   +0.57449
 -0.22640   +0.25828
 -1.57109   +0.03358
 -1.95415   +0.24238
 +0.38720   +0.92408
 +0.27970   +2.11851
 +0.03856   +0.30535
 +0.33659   +0.21230
 +0.88320   +0.27900
 +2.26352   +0.05300
 -0.60697   +0.62841
 -0.55140   +0.22728
 +1.04056   +0.50619
 -1.29002   +0.46579
 -1.67216   +0.08242
 +0.08635   +0.26593
 -0.01078   +0.28850
 -1.43280   +0.03583
 -0.68356   +0.02994
 +0.47358   +0.10623
 +0.62536   +0.97242
 +0.20135   +0.19879
 -0.18803   +0.11760
 -1.01882   +0.19561
 -0.58006   +0.48986
 +0.77311   +1.25746
 -0.01075   +0.78037
 +1.69284   +0.37986
 +2.55442   +0.20798
 -1.48894   +0.30203
 -0.53957   +0.37586
 -1.71386   +0.01766
 +0.64100   +0.47410
 -1.44765   +0.01107
 +0.72047   +0.64173
 +1.68635   +0.18196
 -1.05346   +0.11035
 -2.52544   +0.09703
 -0.65257   +0.06957
 +0.45807   +0.70469
 -0.47495   +0.00916
 +0.07020   +1.47438
 -0.26533   +0.61164
 -0.71909   +0.33927
 -0.23362   +0.00927
 +1.02429   +0.80667
 -0.85261   +0.55990
 -1.17524   +0.03446
 +1.19760   +4.09049
 -2.50419   +0.00882
 +1.41458   +0.71460
 -0.84055   +0.90372
 -1.85971   +0.10754
 +2.39186   +0.15728
 +0.09234   +0.36079
 -0.37691   +0.40386
 +1.02007   +1.18593
 -1.36899   +0.05399
 +0.05438   +0.99493
 +0.57430   +0.09437
 -0.80087   +0.36162
 +1.28364   +0.11440
 -0.87121   +0.32243
 -1.36330   +0.50479
 +0.60901   +1.03694
 -0.23474   +1.06248
 +1.13107   +3.69047
 +2.20464   +1.00587
 +0.65069   +0.46222
 +0.42864   +1.32869
 -0.41065   +0.40933
 +0.43922   +0.29188
 -0.89868   +0.00456
 -2.58804   +0.25201
 +0.68771   +0.45665
 -0.64062   +0.73835
 -1.55190   +0.05204
 -0.07502   +0.02574
 +0.35771   +0.07549
 +2.28952   +1.14768
 +0.95676   +0.79718
 -0.12789   +0.50167
 +0.25876   +0.18102
 -0.50074   +0.43027
 -0.28385   +0.47891
 +0.72058   +0.47809
 -0.85225   +0.24102
 +0.45050   +0.22730
 +2.15072   +0.32179
 -1.56789   +0.07845
 -0.77484   +0.01059
 -0.63882   +0.22296
 -0.96262   +0.30080
 +0.21630   +0.26879
 -0.50213   +0.16487
 -0.24309   +1.49093
 +0.55821   +1.40765
 -0.73383   +0.19357
 -0.34287   +0.08790
 +0.34462   +0.14797
 -0.38060   +0.19438
 -0.61358   +0.18533
 +0.44172   +0.47103
 -0.73449   +0.29703
 -1.39120   +0.03490
 +0.25325   +0.14208
 -1.22322   +0.00573
 +0.51413   +0.34601
 +0.51385   +1.50500
 +0.32932   +0.67220
 +0.71848   +0.19259
 +0.67740   +0.84263
 -1.41959   +0.14910
 +1.08220   +0.86770
 +0.17961   +0.02094
 -0.17906   +0.04081
 -1.28412   +0.11937
 +0.23330   +0.18172
 +1.65226   +0.55778
 +0.63559   +0.09902
 +1.09128   +0.92812
 -1.95330   +0.05245
 +0.45735   +0.12548
 -0.23598   +0.10784
 +1.60177   +0.30393
 -0.23647   +0.00326
 -0.02748   +0.47380
 -1.42672   +0.08595
 +0.42907   +1.32023
 -0.17229   +0.21289
 +0.73426   +0.08798
 +1.21564   +0.10055
 +0.23882   +0.23305
 -1.41812   +0.34242
 +0.03604   +0.00422
 +0.97008   +0.99857
 -0.37786   +0.16071
 -0.18002   +0.54940
 +0.42858   +3.39701
 -0.70589   +0.07351
 -0.92187   +0.27760
 -1.01962   +0.22882
 -1.05204   +0.04110
 +2.24665   +0.24732
 -0.98248   +0.06022
 -1.00008   +0.47308
 -0.90412   +0.30585
 +1.21593   +1.42181
 -1.59736   +0.38905
 -0.19543   +0.92104
 +1.52109   +0.39646
 -0.93356   +0.05063
 -1.16123   +0.29108
 +0.11223   +0.53379
 -0.43130   +0.26771
 -0.16921   +0.52475
 -0.39517   +0.70879
 +1.62711   +0.14457
 +0.04561   +0.39598
 -1.19768   +0.59458
 -0.55414   +0.53442
 +0.22524   +0.12561
 +0.58550   +0.00868
 -1.31689   +0.00746
 -1.19760   +0.23815
 +2.22995   +0.66477
 -1.03857   +0.27456
 -0.27019   +0.47014
 -0.30924   +0.48867
 +1.87093   +1.14569
 -0.87419   +0.01106
 -1.47241   +0.08481
 -0.22495   +0.70057
 -0.47538   +0.33071
 -1.53503   +0.03132
 +0.71653   +0.41484
 -1.35982   +0.09743
 -0.22310   +0.07780
 -0.94243   +0.13062
 +0.08832   +1.10304
 -0.38592   +0.47975
 -0.01047   +1.71750
 -0.20077   +1.56306
 +0.72728   +2.44711
 +0.56471   +1.06442
 -0.66736   +0.31531
 +0.97826   +0.26998
 -2.04070   +0.05811
 -0.28668   +0.34443
 +0.78557   +0.53719
 +3.00367   +0.13195
 -0.38619   +0.55535
 -0.07990   +0.22546
 -0.53118   +0.07886
 -0.66070   +0.43450
 -0.07411   +0.12800
 +1.10233   +1.05571
 +0.42202   +0.13243
 -0.47778   +0.08434
 +0.55715   +1.39711
 +0.38115   +0.06379
 -0.05082   +0.24344
 +0.23355   +1.43772
 +0.13395   +0.36831
 -1.62689   +0.05396
 -0.32470   +0.24646
 -1.20301   +0.30254
 +1.96690   +0.28130
 +0.23419   +0.49054
 +0.21473   +0.47005
 -0.11695   +0.71100
 +1.39336   +0.21281
 +0.03792   +0.06774
 +1.66349   +0.55718
 +1.32794   +1.47737
 -1.41288   +0.08473
