 -0.17308   +0.29171
 +0.31042   +0.46977
 -1.66585   +0.08550
 -1.50096   +0.09554
 -1.19390   +0.11924
 -0.63218   +0.18918
 -1.19941   +0.11874
 -1.33629   +0.10733
 +0.81874   +0.67110
 +1.40747   +0.59445
 +1.62370   +0.49903
 -0.32742   +0.25095
 -0.00893   +0.34349
 +1.36070   +0.61335
 -0.88435   +0.15231
 -0.32138   +0.25242
 -0.02540   +0.33788
 +1.29563   +0.63744
 -0.26447   +0.26671
 +0.72163   +0.64330
 +1.24919   +0.65262
 -0.12320   +0.30649
 -1.16689   +0.12170
 +0.95016   +0.69143
 -0.18146   +0.28931
 +0.65536   +0.61956
 +0.69522   +0.63423
 +0.38680   +0.50373
 -0.46724   +0.21985
 +1.23583   +0.65663
 +2.26194   +0.26737
 -0.88520   +0.15221
 -0.66574   +0.18363
 +0.87602   +0.68265
 +0.07229   +0.37253
 +0.84909   +0.67771
 -0.89391   +0.15112
 +0.89633   +0.68578
 +1.06725   +0.69003
 +1.22389   +0.66006
 +0.04924   +0.36406
 -1.84548   +0.07620
 -2.19773   +0.06175
 -0.13694   +0.30234
 +0.38246   +0.50179
 -0.65416   +0.18552
 -1.39190   +0.10313
 -0.79325   +0.16442
 -0.42554   +0.22860
 -0.00965   +0.34324
 +0.19693   +0.42139
 +0.74308   +0.65023
 +0.77510   +0.65978
 -0.14559   +0.29975
 -0.01190   +0.34247
 +0.45426   +0.53408
 +0.73926   +0.64902
 -1.36893   +0.10483
 +0.97475   +0.69271
 -1.98652   +0.06988
 +1.01531   +0.69298
 +0.38773   +0.50415
 +0.11586   +0.38904
 +1.27903   +0.64308
 +1.01771   +0.69293
 +1.17514   +0.67252
 +0.29165   +0.46156
 -0.76915   +0.16784
 -0.53379   +0.20675
 -0.26213   +0.26732
 +1.14359   +0.67915
 -0.60550   +0.19374
 -0.32807   +0.25080
 +0.49668   +0.55304
 -1.23227   +0.11585
 -0.10662   +0.31158
 -0.47620   +0.21803
 -0.93128   +0.14655
 +1.73723   +0.44907
 +0.94194   +0.69082
 +0.08075   +0.37569
 +0.35937   +0.49145
 +0.54785   +0.57549
 -1.61182   +0.08862
 -0.05724   +0.32730
 -0.36002   +0.24324
 +0.79717   +0.66576
 -2.14420   +0.06367
 +0.68137   +0.62926
 -0.49227   +0.21480
 -1.27964   +0.11186
 +2.08732   +0.31763
 -0.09176   +0.31623
 +0.66211   +0.62212
 +0.09329   +0.38041
 +1.06518   +0.69021
 +0.63854   +0.61305
 -0.51494   +0.21036
 +0.95433   +0.69170
 +1.08684   +0.68796
 +2.57221   +0.19965
 +0.36489   +0.49392
 -0.57573   +0.19901
 -1.50458   +0.09531
 -2.10052   +0.06531
 -1.01446   +0.13704
 -0.15563   +0.29679
 -1.50452   +0.09531
 +0.29115   +0.46134
 +0.53880   +0.57157
 +1.17940   +0.67153
 +0.36633   +0.49456
 +0.03878   +0.36027
 -1.23804   +0.11535
 +1.12396   +0.68266
 +0.41376   +0.51586
 +0.42991   +0.52313
 +0.12548   +0.39276
 -1.29323   +0.11075
 +0.37688   +0.49928
 +0.34179   +0.48362
 -0.77728   +0.16667
 +0.71351   +0.64057
 -1.82682   +0.07709
 -1.08042   +0.13009
 +1.03747   +0.69218
 -0.10134   +0.31322
 +1.32015   +0.62871
 -1.08681   +0.12944
 +0.04710   +0.36328
 +1.20224   +0.66591
 -0.17366   +0.29155
 -0.38808   +0.23683
 +1.26149   +0.64879
 -0.14022   +0.30135
 -1.35187   +0.10613
 -0.54034   +0.20552
 -0.32348   +0.25191
 -1.46245   +0.09813
 +0.54008   +0.57213
 +0.61489   +0.60362
 +0.39832   +0.50891
 +2.05504   +0.32802
 -0.27751   +0.26335
 +0.03877   +0.36027
 -1.22036   +0.11689
 +0.33739   +0.48167
 -2.61115   +0.04937
 -1.81690   +0.07758
 +0.61848   +0.60507
 -0.29390   +0.25920
 +0.79882   +0.66619
 -0.67084   +0.18281
 +1.10458   +0.68565
 +0.07998   +0.37540
 -0.56290   +0.20134
 -0.12611   +0.30560
 -0.71127   +0.17644
 +1.10558   +0.68551
 -0.99288   +0.13942
 -1.13396   +0.12481
 -0.35718   +0.24390
 -1.15272   +0.12302
 -0.33140   +0.25000
 +0.45333   +0.53366
 +0.32773   +0.47739
 +0.75039   +0.65249
 +0.57217   +0.58591
 -0.32154   +0.25238
 +1.70221   +0.46423
 -0.15367   +0.29736
 -0.24670   +0.27137
 +0.30775   +0.46859
 -0.97777   +0.14112
 -0.93644   +0.14593
 -1.29905   +0.11028
 +1.52165   +0.54487
 +1.49706   +0.55582
 +0.30560   +0.46765
 -0.70535   +0.17736
 -0.11162   +0.31004
 +1.63640   +0.49334
 +0.79564   +0.66536
 +0.20347   +0.42408
 -0.21815   +0.27906
 +0.57783   +0.58830
 +1.16819   +0.67408
 +0.35106   +0.48775
 -0.33325   +0.24955
 +0.95040   +0.69145
 +0.26659   +0.45071
 -0.69315   +0.17926
 +0.91708   +0.68841
 -0.47439   +0.21839
 -1.20687   +0.11808
 +1.19510   +0.66773
 -0.82793   +0.15966
 -1.19436   +0.11920
 +1.04960   +0.69145
 -1.48935   +0.09631
 +0.29475   +0.46291
 -0.27962   +0.26281
 -1.11276   +0.12686
 +1.42307   +0.58792
 +0.84067   +0.67599
 +0.71249   +0.64022
 -0.41980   +0.22984
 -0.14131   +0.30103
 -0.10287   +0.31275
 -0.02485   +0.33807
 +0.05845   +0.36742
 +1.13878   +0.68005
 +1.06301   +0.69041
 +0.69221   +0.63317
 +1.18283   +0.67073
 +2.42111   +0.22955
 -0.16884   +0.29294
 +1.28439   +0.64128
 -1.75231   +0.08083
 +0.87031   +0.68168
 +1.49706   +0.55582
 +0.44780   +0.53118
 +1.90013   +0.38290
 -2.17462   +0.06257
 -1.88163   +0.07450
 -1.25354   +0.11403
 -0.87092   +0.15402
 -0.15633   +0.29658
 -0.95784   +0.14342
 +1.72628   +0.45379
 +1.52277   +0.54438
 -0.60949   +0.19305
 -1.49494   +0.09594
 -0.10445   +0.31225
 +1.69998   +0.46521
 -0.01059   +0.34292
 -0.29057   +0.26004
 -0.06703   +0.32412
 +1.19956   +0.66660
 -0.42060   +0.22966
 +1.38811   +0.60241
 +0.63340   +0.61103
 -0.92065   +0.14783
 -1.81757   +0.07754
 -0.78976   +0.16491
 +0.15583   +0.40473
 +0.57548   +0.58731
 +1.07525   +0.68924
 +0.06750   +0.37076
 -0.31764   +0.25333
 +1.30968   +0.63249
 -1.04303   +0.13397
 -0.97482   +0.14146
 +1.84371   +0.40491
 -0.98858   +0.13990
 +2.66207   +0.18423
 +2.00523   +0.34477
 -1.67397   +0.08505
 -1.00030   +0.13860
 +0.30666   +0.46812
 +0.27734   +0.45535
 -0.26223   +0.26729
 +0.03565   +0.35915
 +0.93624   +0.69034
 -0.75426   +0.17000
 +0.87701   +0.68282
 +0.31884   +0.47347
 +2.12162   +0.30697
 +0.29592   +0.46342
 +0.35338   +0.48878
 -1.78571   +0.07912
 -1.04666   +0.13359
 -0.47601   +0.21807
 +1.44616   +0.57808
 -1.22019   +0.11690
 -0.67195   +0.18263
 -0.08871   +0.31719
 +0.56121   +0.58124
 +1.35182   +0.61680
 +0.43663   +0.52615
 -0.42117   +0.22954
 +0.67433   +0.62668
 -0.28149   +0.26234
 +1.33814   +0.62203
 -0.33391   +0.24940
 -0.81180   +0.16185
 +0.48085   +0.54599
 +0.36953   +0.49599
 +0.80800   +0.66850
 +1.31041   +0.63223
 -0.01071   +0.34288
 +0.66359   +0.62268
 -0.04037   +0.33287
 -0.38768   +0.23692
 -0.05497   +0.32804
 -1.24788   +0.11451
 +0.56839   +0.58430
 +0.21725   +0.42981
 -0.57441   +0.19925
 -0.55357   +0.20306
 -1.20381   +0.11835
 +0.60070   +0.59783
 +0.28585   +0.45903
 +0.56058   +0.58097
 +0.55708   +0.57947
 -0.39978   +0.23422
 -0.14526   +0.29985
 +2.24543   +0.27171
 -0.95704   +0.14351
 -0.20813   +0.28182
 +0.59343   +0.59482
 +1.32864   +0.62558
 +0.49872   +0.55395
 -1.07413   +0.13073
 +0.81731   +0.67076
 -0.85916   +0.15554
 +0.04571   +0.36278
 -1.26315   +0.11323
 +1.31924   +0.62904
 -0.96724   +0.14233
 +1.47860   +0.56397
 +0.86810   +0.68129
 -1.39275   +0.10307
 +1.52717   +0.54241
 -0.83654   +0.15851
 -1.78174   +0.07932
 +0.04212   +0.36148
 +0.87221   +0.68201
 -1.70775   +0.08319
 +0.15621   +0.40488
 -0.35594   +0.24419
 +0.59819   +0.59679
 -0.53751   +0.20605
 -0.48611   +0.21603
 +0.49844   +0.55382
 +0.41687   +0.51726
 -0.55185   +0.20337
 -0.12843   +0.30490
 +1.01359   +0.69302
 +0.41204   +0.51508
 +0.83452   +0.67467
 +0.68872   +0.63192
 -0.56486   +0.20098
 +0.12990   +0.39449
 +2.08680   +0.31779
 -0.96429   +0.14267
 -0.01208   +0.34241
 -1.35359   +0.10600
 -1.92268   +0.07264
 +0.12844   +0.39392
 +0.60144   +0.59813
 +0.10623   +0.38533
 -0.33007   +0.25032
 +0.40179   +0.51047
 +0.65215   +0.61833
 -0.77625   +0.16682
 -0.13404   +0.30321
 +0.09288   +0.38025
 -0.13373   +0.30330
 -1.38990   +0.10328
 +0.00903   +0.34972
 -1.05668   +0.13253
 +1.60328   +0.50819
 +0.17861   +0.41390
 +1.13003   +0.68162
 +0.32925   +0.47806
 -0.89573   +0.15089
 +0.93929   +0.69060
 +1.39315   +0.60035
 -0.57155   +0.19977
 -1.69108   +0.08410
 +1.32077   +0.62848
 +1.53847   +0.53734
 +0.60887   +0.60118
 -0.28971   +0.26025
 +0.45371   +0.53383
 +0.12339   +0.39195
 -0.68737   +0.18017
 +1.25469   +0.65092
 +0.32195   +0.47484
 -1.03491   +0.13483
 -0.81544   +0.16135
 +2.37128   +0.24064
 +1.46816   +0.56854
 +0.47641   +0.54401
 -1.22223   +0.11672
 +1.05846   +0.69079
 -0.12592   +0.30566
 +1.79104   +0.42636
 -0.59097   +0.19629
 -0.66998   +0.18294
 +0.96531   +0.69231
 +2.77065   +0.16762
 -1.75023   +0.08094
 +0.60390   +0.59915
 +1.10687   +0.68532
 -2.02433   +0.06831
 +0.93387   +0.69013
 -0.02915   +0.33662
 +1.13083   +0.68148
 +0.06164   +0.36859
 -0.12885   +0.30478
 -2.62541   +0.04901
 +0.42394   +0.52044
 +0.25886   +0.44740
 +1.04101   +0.69198
 +0.21870   +0.43041
 +1.90679   +0.38038
 -0.12327   +0.30647
 -1.77669   +0.07958
 +0.25904   +0.44747
 +0.00619   +0.34873
 -0.19899   +0.28436
 +1.34908   +0.61786
 -0.19549   +0.28534
 +0.24291   +0.44060
 +0.36311   +0.49312
 -1.38300   +0.10379
 -0.41699   +0.23044
 +1.65018   +0.48720
 +0.92079   +0.68883
 -1.12755   +0.12542
 -0.86535   +0.15474
 -0.15562   +0.29679
 +0.05918   +0.36769
 -0.40946   +0.23209
 +0.72750   +0.64523
 -0.82399   +0.16019
 +0.08288   +0.37648
 -0.12908   +0.30470
 -0.31987   +0.25278
 -1.30293   +0.10996
 +0.66618   +0.62365
 +0.36465   +0.49381
 +0.05539   +0.36630
 +0.07163   +0.37229
 -1.51148   +0.09485
 -2.29677   +0.05840
 +0.35079   +0.48762
 -0.29524   +0.25886
 +1.67610   +0.47570
 -0.58831   +0.19676
 -1.42963   +0.10041
 -1.96423   +0.07083
 +1.47408   +0.56595
 -2.01923   +0.06852
 +0.62345   +0.60707
 -0.91317   +0.14874
 +0.17886   +0.41400
 -0.92231   +0.14763
 -2.38024   +0.05578
 -1.65267   +0.08625
 -1.81239   +0.07780
 -1.36002   +0.10551
 -0.07357   +0.32201
 +0.71469   +0.64097
 +0.53346   +0.56925
 -0.14529   +0.29984
 +0.60939   +0.60139
 +0.27813   +0.45569
 -0.77238   +0.16737
 +0.06930   +0.37142
 +0.56482   +0.58278
 +0.06014   +0.36804
 -3.13386   +0.03832
 -1.31566   +0.10895
 +0.57190   +0.58579
 +0.45134   +0.53277
 +0.74848   +0.65191
 +0.28629   +0.45922
 -0.79098   +0.16474
 +1.73321   +0.45080
 -1.05944   +0.13225
 -0.04291   +0.33202
 -1.00369   +0.13822
 +0.28107   +0.45696
 -0.51867   +0.20964
 +0.14422   +0.40012
 +0.74128   +0.64966
 -0.78527   +0.16554
 -1.18502   +0.12004
 +2.42882   +0.22790
 -0.54065   +0.20546
 +1.02307   +0.69278
 +0.24663   +0.44218
 -0.22640   +0.27681
 -1.57109   +0.09108
 -1.95415   +0.07126
 +0.38720   +0.50392
 +0.27970   +0.45637
 +0.03856   +0.36020
 +0.33659   +0.48131
 +0.88320   +0.68382
 +2.26352   +0.26696
 -0.60697   +0.19349
 -0.55140   +0.20346
 +1.04056   +0.69201
 -1.29002   +0.11101
 -1.67216   +0.08515
 +0.08635   +0.37779
