 -0.17308   +0.46495
 +0.31042   +1.25168
 -1.66585   +1.17401
 -1.50096   +0.68564
 -1.19390   +0.33956
 -0.63218   +1.34987
 -1.19941   +0.58215
 -1.33629   +0.55920
 +0.81874   +1.22321
 +1.40747   +1.27058
 +1.62370   +1.47013
 -0.32742   +1.00185
 -0.00893   +0.15623
 +1.36070   +0.17876
 -0.88435   +0.16635
 -0.32138   +0.84327
 -0.02540   +0.76198
 +1.29563   +0.47861
 -0.26447   +1.37181
 +0.72163   +1.43935
 +1.24919   +0.73440
 -0.12320   +0.64613
 -1.16689   +0.84703
 +0.95016   +1.57319
 -0.18146   +0.88458
 +0.65536   +0.81321
 +0.69522   +0.80474
 +0.38680   +0.51689
 -0.46724   +1.16226
 +1.23583   +0.99591
 +2.26194   +0.71002
 -0.88520   +0.20363
 -0.66574   +0.23315
 +0.87602   +0.52735
 +0.07229   +1.11681
 +0.84909   +1.37859
 -0.89391   +1.16405
 +0.89633   +0.12049
 +1.06725   +0.41611
 +1.22389   +0.60598
 +0.04924   +0.71812
 -1.84548   +0.48689
 -2.19773   +0.32372
 -0.13694   +1.62861
 +0.38246   +0.55902
 -0.65416   +0.62650
 -1.39190   +0.95347
 -0.79325   +0.58269
 -0.42554   +1.45742
 -0.00965   +0.40732
 +0.19693   +0.44990
 +0.74308   +1.01960
 +0.77510   +0.77273
 -0.14559   +1.37387
 -0.01190   +0.74539
 +0.45426   +0.70481
 +0.73926   +0.27510
 -1.36893   +0.52948
 +0.97475   +0.90777
 -1.98652   +0.36093
 +1.01531   +1.53466
 +0.38773   +1.14337
 +0.11586   +1.27731
 +1.27903   +1.72337
 +1.01771   +0.51586
 +1.17514   +0.99767
 +0.29165   +0.89931
 -0.76915   +0.68643
 -0.53379   +0.69138
 -0.26213   +1.15278
 +1.14359   +2.45412
 -0.60550   +1.50313
 -0.32807   +0.42041
 +0.49668   +1.49629
 -1.23227   +0.18169
 -0.10662   +0.44336
 -0.47620   +0.26172
 -0.93128   +0.80792
 +1.73723   +0.89775
 +0.94194   +0.96318
 +0.08075   +0.52340
 +0.35937   +1.30376
 +0.54785   +0.96176
 -1.61182   +0.38427
 -0.05724   +1.48199
 -0.36002   +1.04213
 +0.79717   +0.69272
 -2.14420   +0.05441
 +0.68137   +0.67605
 -0.49227   +0.59419
 -1.27964   +0.44870
 +2.08732   +0.59884
 -0.09176   +1.34091
 +0.66211   +1.04117
 +0.09329   +0.30160
 +1.06518   +1.51139
 +0.63854   +0.79431
 -0.51494   +0.70714
 +0.95433   +0.91596
 +1.08684   +0.86696
 +2.57221   +0.57240
 +0.36489   +0.27284
 -0.57573   +1.08807
 -1.50458   +0.42489
 -2.10052   +0.46687
 -1.01446   +0.75338
 -0.15563   +0.30781
 -1.50452   +0.36993
 +0.29115   +1.52305
 +0.53880   +2.18084
 +1.17940   +1.10762
 +0.36633   +0.28189
 +0.03878   +0.80281
 -1.23804   +0.83485
 +1.12396   +2.33509
 +0.41376   +0.46420
 +0.42991   +1.65036
 +0.12548   +1.48560
 -1.29323   +0.35852
 +0.37688   +0.77923
 +0.34179   +1.43146
 -0.77728   +0.23189
 +0.71351   +0.15253
 -1.82682   +0.09234
 -1.08042   +0.20717
 +1.03747   +1.10854
 -0.10134   +0.64882
 +1.32015   +1.18219
 -1.08681   +0.57187
 +0.04710   +0.48998
 +1.20224   +1.38567
 -0.17366   +1.07328
 -0.38808   +0.91856
 +1.26149   +1.49833
 -0.14022   +1.47702
 -1.35187   +0.41914
 -0.54034   +0.55890
 -0.32348   +0.33020
 -1.46245   +0.15397
 +0.54008   +0.41342
 +0.61489   +1.01885
 +0.39832   +1.10072
 +2.05504   +1.70391
 -0.27751   +0.32422
 +0.03877   +0.52540
 -1.22036   +0.98003
 +0.33739   +1.45562
 -2.61115   +0.31257
 -1.81690   +0.38984
 +0.61848   +1.57341
 -0.29390   +0.43049
 +0.79882   +2.02790
 -0.67084   +0.64281
 +1.10458   +1.28323
 +0.07998   +0.39143
 -0.56290   +0.32082
 -0.12611   +1.03037
 -0.71127   +0.56478
 +1.10558   +0.12617
 -0.99288   +0.11143
 -1.13396   +0.26101
 -0.35718   +1.12592
 -1.15272   +0.54590
 -0.33140   +0.37819
 +0.45333   +1.48394
 +0.32773   +0.55460
 +0.75039   +0.53216
 +0.57217   +2.40352
 -0.32154   +0.56319
 +1.70221   +0.70155
 -0.15367   +1.34627
 -0.24670   +0.89357
 +0.30775   +0.48895
 -0.97777   +0.19478
 -0.93644   +0.37787
 -1.29905   +0.29302
 +1.52165   +1.39829
 +1.49706   +0.76870
 +0.30560   +0.31993
 -0.70535   +0.27928
 -0.11162   +0.67944
 +1.63640   +1.33239
 +0.79564   +1.30148
 +0.20347   +0.80682
 -0.21815   +0.54645
 +0.57783   +1.13999
 +1.16819   +1.93762
 +0.35106   +0.29136
 -0.33325   +0.45363
 +0.95040   +0.40341
 +0.26659   +1.57314
 -0.69315   +0.47362
 +0.91708   +1.35750
 -0.47439   +0.94930
 -1.20687   +0.63791
 +1.19510   +1.34072
 -0.82793   +0.74821
 -1.19436   +0.06157
 +1.04960   +1.04757
 -1.48935   +0.66862
 +0.29475   +1.00676
 -0.27962   +0.95954
 -1.11276   +1.14730
 +1.42307   +0.95585
 +0.84067   +1.14299
 +0.71249   +1.20885
 -0.41980   +0.34196
 -0.14131   +0.63442
 -0.10287   +0.87453
 -0.02485   +0.20374
 +0.05845   +0.38845
 +1.13878   +0.81816
 +1.06301   +1.85404
 +0.69221   +1.35730
 +1.18283   +1.97389
 +2.42111   +0.45870
 -0.16884   +0.50862
 +1.28439   +1.46051
 -1.75231   +0.54743
 +0.87031   +1.30454
 +1.49706   +0.64252
 +0.44780   +1.81287
 +1.90013   +1.83771
 -2.17462   +0.27551
 -1.88163   +0.46850
 -1.25354   +0.30013
 -0.87092   +1.11805
 -0.15633   +0.47905
 -0.95784   +0.82888
 +1.72628   +0.49025
 +1.52277   +0.45153
 -0.60949   +0.56881
 -1.49494   +0.46683
 -0.10445   +0.93012
 +1.69998   +0.98028
 -0.01059   +0.56591
 -0.29057   +1.02451
 -0.06703   +0.35899
 +1.19956   +0.12800
 -0.42060   +0.43916
 +1.38811   +0.84239
 +0.63340   +1.03571
 -0.92065   +0.29096
 -1.81757   +0.75427
 -0.78976   +0.59458
 +0.15583   +1.29969
 +0.57548   +0.94230
 +1.07525   +1.75574
 +0.06750   +1.34542
 -0.31764   +0.80385
 +1.30968   +1.01582
 -1.04303   +0.38015
 -0.97482   +0.82697
 +1.84371   +1.12203
 -0.98858   +0.73817
 +2.66207   +0.30076
 +2.00523   +0.55448
 -1.67397   +0.30568
 -1.00030   +0.52168
 +0.30666   +0.91779
 +0.27734   +0.73224
 -0.26223   +0.84324
 +0.03565   +0.70091
 +0.93624   +0.60160
 -0.75426   +0.41735
 +0.87701   +2.07959
 +0.31884   +0.82199
 +2.12162   +0.20470
 +0.29592   +0.73162
 +0.35338   +0.57582
 -1.78571   +0.91323
 -1.04666   +0.65810
 -0.47601   +0.95041
 +1.44616   +2.44991
 -1.22019   +0.62341
 -0.67195   +0.86852
 -0.08871   +0.25429
 +0.56121   +0.41760
 +1.35182   +0.87032
 +0.43663   +1.14842
 -0.42117   +0.32820
 +0.67433   +1.68844
 -0.28149   +0.75986
 +1.33814   +0.50309
 -0.33391   +1.09866
 -0.81180   +0.49930
 +0.48085   +1.93779
 +0.36953   +1.20446
 +0.80800   +2.24937
 +1.31041   +0.15775
 -0.01071   +0.68271
 +0.66359   +2.23330
 -0.04037   +0.94574
 -0.38768   +0.82642
 -0.05497   +0.20717
 -1.24788   +0.39573
 +0.56839   +1.26309
 +0.21725   +1.23115
 -0.57441   +0.64023
 -0.55357   +0.30037
 -1.20381   +0.26236
 +0.60070   +1.28416
 +0.28585   +1.01033
 +0.56058   +0.93841
 +0.55708   +1.03409
 -0.39978   +0.39760
 -0.14526   +0.70623
 +2.24543   +1.08571
 -0.95704   +0.99347
 -0.20813   +0.53561
 +0.59343   +1.00947
 +1.32864   +0.41890
 +0.49872   +0.70522
 -1.07413   +0.19915
 +0.81731   +1.61894
 -0.85916   +0.42343
 +0.04571   +0.96762
 -1.26315   +0.29956
 +1.31924   +1.42465
 -0.96724   +0.48652
 +1.47860   +1.88507
 +0.86810   +0.74249
 -1.39275   +0.85320
 +1.52717   +0.30348
 -0.83654   +0.41777
 -1.78174   +0.91723
 +0.04212   +0.43568
 +0.87221   +0.91546
 -1.70775   +0.16122
 +0.15621   +0.15094
 -0.35594   +0.19015
 +0.59819   +2.03996
 -0.53751   +0.62502
 -0.48611   +0.27186
 +0.49844   +1.00501
 +0.41687   +1.09653
 -0.55185   +0.44455
 -0.12843   +0.77541
 +1.01359   +1.43932
 +0.41204   +2.14698
 +0.83452   +0.89254
 +0.68872   +1.64205
 -0.56486   +0.51452
 +0.12990   +0.72035
 +2.08680   +0.11083
 -0.96429   +0.24375
 -0.01208   +0.86575
 -1.35359   +0.18364
 -1.92268   +0.11254
 +0.12844   +0.17592
 +0.60144   +0.33916
 +0.10623   +0.94890
 -0.33007   +0.19259
 +0.40179   +1.05164
 +0.65215   +1.26168
 -0.77625   +0.87371
 -0.13404   +1.51264
 +0.09288   +0.66909
 -0.13373   +1.21166
 -1.38990   +0.26323
 +0.00903   +0.81974
 -1.05668   +0.84030
 +1.60328   +1.52571
 +0.17861   +1.51299
 +1.13003   +1.19265
 +0.32925   +0.84558
 -0.89573   +1.06738
 +0.93929   +1.56742
 +1.39315   +1.50116
 -0.57155   +1.15857
 -1.69108   +0.08568
 +1.32077   +0.84580
 +1.53847   +1.68088
 +0.60887   +1.82492
 -0.28971   +0.65025
 +0.45371   +1.40224
 +0.12339   +1.10507
 -0.68737   +1.08095
 +1.25469   +1.36516
 +0.32195   +0.63831
 -1.03491   +0.44469
 -0.81544   +0.42362
 +2.37128   +0.58190
 +1.46816   +1.35543
 +0.47641   +0.61385
 -1.22223   +0.47729
 +1.05846   +1.78319
 -0.12592   +1.11296
 +1.79104   +1.80543
 -0.59097   +0.09250
 -0.66998   +0.94494
 +0.96531   +0.94175
 +2.77065   +0.84197
 -1.75023   +0.18420
 +0.60390   +0.43183
 +1.10687   +1.39201
 -2.02433   +0.76575
 +0.93387   +1.53813
 -0.02915   +0.34902
 +1.13083   +0.60643
 +0.06164   +0.70971
 -0.12885   +0.57888
 -2.62541   +0.58046
 +0.42394   +2.34364
 +0.25886   +1.27405
 +1.04101   +0.31900
 +0.21870   +1.46900
 +1.90679   +1.47490
 -0.12327   +0.64483
 -1.77669   +0.58491
 +0.25904   +0.50259
 +0.00619   +1.30755
 -0.19899   +0.92365
 +1.34908   +0.63470
 -0.19549   +1.08926
 +0.24291   +1.69267
 +0.36311   +0.15956
 -1.38300   +0.50083
 -0.41699   +0.34013
 +1.65018   +0.27895
 +0.92079   +1.58050
 -1.12755   +0.44941
 -0.86535   +0.48425
 -0.15562   +0.57780
 +0.05918   +0.79618
 -0.40946   +1.85598
 +0.72750   +0.90574
 -0.82399   +0.82940
 +0.08288   +0.97011
 -0.12908   +1.23182
 -0.31987   +0.42835
 -1.30293   +0.66791
 +0.66618   +1.90684
 +0.36465   +0.63392
 +0.05539   +1.51798
 +0.07163   +1.29640
 -1.51148   +0.81362
 -2.29677   +0.10896
 +0.35079   +1.97473
 -0.29524   +1.16561
 +1.67610   +1.08363
 -0.58831   +0.52163
 -1.42963   +0.70247
 -1.96423   +0.18962
 +1.47408   +0.82944
 -2.01923   +0.57638
 +0.62345   +0.91158
 -0.91317   +0.67377
 +0.17886   +0.70071
 -0.92231   +0.41160
 -2.38024   +0.54461
 -1.65267   +0.69462
 -1.81239   +0.55824
 -1.36002   +0.70736
 -0.07357   +0.56268
 +0.71469   +0.85515
 +0.53346   +1.48557
 -0.14529   +0.72660
 +0.60939   +2.88234
 +0.27813   +0.18348
 -0.77238   +0.33160
 +0.06930   +1.21883
 +0.56482   +0.30592
 +0.06014   +0.45739
 -3.13386   +0.27402
 -1.31566   +0.25677
 +0.57190   +1.47183
 +0.45134   +0.44861
 +0.74848   +1.17529
 +0.28629   +0.47564
 -0.79098   +0.82293
 +1.73321   +0.11526
 -1.05944   +0.68318
 -0.04291   +0.45977
 -1.00369   +0.73330
 +0.28107   +1.40301
 -0.51867   +0.83128
 +0.14422   +0.44234
 +0.74128   +1.31708
 -0.78527   +0.34241
 -1.18502   +0.51797
 +2.42882   +1.30492
 -0.54065   +0.58199
 +1.02307   +0.53604
 +0.24663   +1.07190
 -0.22640   +0.71872
 -1.57109   +0.25914
 -1.95415   +0.69625
 +0.38720   +1.35947
 +0.27970   +2.05840
 +0.03856   +0.78148
 +0.33659   +0.65161
 +0.88320   +0.74699
 +2.26352   +0.32558
 -0.60697   +1.12108
 -0.55140   +0.67421
 +1.04056   +1.00617
 -1.29002   +0.96518
 -1.67216   +0.40601
 +0.08635   +0.72928
 -0.01078   +0.75961
 -1.43280   +0.26769
 -0.68356   +0.24471
 +0.47358   +0.46093
 +0.62536   +1.39458
 +0.20135   +0.63053
 -0.18803   +0.48498
 -1.01882   +0.62548
 -0.58006   +0.98981
 +0.77311   +1.58585
 -0.01075   +1.24929
 +1.69284   +0.87162
 +2.55442   +0.64495
 -1.48894   +0.77722
 -0.53957   +0.86702
 -1.71386   +0.18794
 +0.64100   +0.97376
 -1.44765   +0.14880
 +0.72047   +1.13290
 +1.68635   +0.60326
 -1.05346   +0.46979
 -2.52544   +0.44053
 -0.65257   +0.37302
 +0.45807   +1.18717
 -0.47495   +0.13536
 +0.07020   +1.71720
 -0.26533   +1.10602
 -0.71909   +0.82373
 -0.23362   +0.13619
 +1.02429   +1.27017
 -0.85261   +1.05820
 -1.17524   +0.26252
 +1.19760   +2.86024
 -2.50419   +0.13282
 +1.41458   +1.19549
 -0.84055   +1.34441
 -1.85971   +0.46376
 +2.39186   +0.56086
 +0.09234   +0.84946
 -0.37691   +0.89873
 +1.02007   +1.54008
 -1.36899   +0.32861
 +0.05438   +1.41062
 +0.57430   +0.43444
 -0.80087   +0.85044
 +1.28364   +0.47833
 -0.87121   +0.80303
 -1.36330   +1.00478
 +0.60901   +1.44010
 -0.23474   +1.45773
 +1.13107   +2.71679
 +2.20464   +1.41836
 +0.65069   +0.96148
 +0.42864   +1.63015
 -0.41065   +0.90480
 +0.43922   +0.76404
 -0.89868   +0.09553
 -2.58804   +0.70994
 +0.68771   +0.95567
 -0.64062   +1.21519
 -1.55190   +0.32261
 -0.07502   +0.22690
 +0.35771   +0.38856
 +2.28952   +1.51504
 +0.95676   +1.26268
 -0.12789   +1.00167
 +0.25876   +0.60170
 -0.50074   +0.92766
 -0.28385   +0.97868
 +0.72058   +0.97784
 -0.85225   +0.69430
 +0.45050   +0.67424
 +2.15072   +0.80224
 -1.56789   +0.39611
 -0.77484   +0.14555
 -0.63882   +0.66777
 -0.96262   +0.77562
 +0.21630   +0.73320
 -0.50213   +0.57423
 -0.24309   +1.72681
 +0.55821   +1.67788
 -0.73383   +0.62220
 -0.34287   +0.41928
 +0.34462   +0.54400
 -0.38060   +0.62350
 -0.61358   +0.60882
 +0.44172   +0.97060
 -0.73449   +0.77075
 -1.39120   +0.26418
 +0.25325   +0.53307
 -1.22322   +0.10702
 +0.51413   +0.83188
 +0.51385   +1.73493
 +0.32932   +1.15949
 +0.71848   +0.62062
 +0.67740   +1.29817
 -1.41959   +0.54607
 +1.08220   +1.31735
 +0.17961   +0.20464
 -0.17906   +0.28569
 -1.28412   +0.48862
 +0.23330   +0.60287
 +1.65226   +1.05620
 +0.63559   +0.44503
 +1.09128   +1.36244
 -1.95330   +0.32389
 +0.45735   +0.50096
 -0.23598   +0.46441
 +1.60177   +0.77965
 -0.23647   +0.08074
 -0.02748   +0.97344
 -1.42672   +0.41461
 +0.42907   +1.62495
 -0.17229   +0.65251
 +0.73426   +0.41949
 +1.21564   +0.44844
 +0.23882   +0.68272
 -1.41812   +0.82755
 +0.03604   +0.09189
 +0.97008   +1.41320
 -0.37786   +0.56694
 -0.18002   +1.04824
 +0.42858   +2.60653
 -0.70589   +0.38343
 -0.92187   +0.74512
 -1.01962   +0.67650
 -1.05204   +0.28670
 +2.24665   +0.70331
 -0.98248   +0.34704
 -1.00008   +0.97271
 -0.90412   +0.78212
 +1.21593   +1.68630
 -1.59736   +0.88209
 -0.19543   +1.35723
 +1.52109   +0.89046
 -0.93356   +0.31820
 -1.16123   +0.76299
 +0.11223   +1.03324
 -0.43130   +0.73173
 -0.16921   +1.02445
 -0.39517   +1.19062
 +1.62711   +0.53771
 +0.04561   +0.88992
 -1.19768   +1.09048
 -0.55414   +1.03385
 +0.22524   +0.50123
 +0.58550   +0.13176
 -1.31689   +0.12218
 -1.19760   +0.69014
 +2.22995   +1.15305
 -1.03857   +0.74103
 -0.27019   +0.96968
 -0.30924   +0.98860
 +1.87093   +1.51373
 -0.87419   +0.14876
 -1.47241   +0.41184
 -0.22495   +1.18369
 -0.47538   +0.81327
 -1.53503   +0.25030
 +0.71653   +0.91087
 -1.35982   +0.44144
 -0.22310   +0.39446
 -0.94243   +0.51111
 +0.08832   +1.48529
 -0.38592   +0.97954
 -0.01047   +1.85337
 -0.20077   +1.76808
 +0.72728   +2.21229
 +0.56471   +1.45905
 -0.66736   +0.79411
 +0.97826   +0.73482
 -2.04070   +0.34091
 -0.28668   +0.82998
 +0.78557   +1.03652
 +3.00367   +0.51371
 -0.38619   +1.05389
 -0.07990   +0.67150
 -0.53118   +0.39714
 -0.66070   +0.93220
 -0.07411   +0.50596
 +1.10233   +1.45308
 +0.42202   +0.51464
 -0.47778   +0.41072
 +0.55715   +1.67159
 +0.38115   +0.35720
 -0.05082   +0.69777
 +0.23355   +1.69571
 +0.13395   +0.85826
 -1.62689   +0.32850
 -0.32470   +0.70209
 -1.20301   +0.77787
 +1.96690   +0.75007
 +0.23419   +0.99050
 +0.21473   +0.96959
 -0.11695   +1.19248
 +1.39336   +0.65240
 +0.03792   +0.36809
 +1.66349   +1.05564
 +1.32794   +1.71894
 -1.41288   +0.41165
 +0.00336   +0.07104
 -0.21858   +0.42418
 -2.24245   +0.04214
 -0.81200   +0.26338
 +1.01880   +3.11936
 +1.07822   +0.43507
 +1.52113   +0.55234
 +0.37265   +2.00741
 +0.69723   +1.68021
 -1.17741   +0.13168
 +0.40899   +2.11083
 -1.07182   +0.28693
 +2.09224   +1.38209
 +1.71375   +1.13118
 +0.30748   +0.87709
 -1.88705   +0.14935
 +1.83645   +0.85062
 +1.29926   +2.21927
 -0.82929   +0.87555
 +0.11166   +1.22528
 +1.20861   +0.45626
 -0.34292   +0.62976
 +0.83476   +1.30998
 +0.56472   +0.82931
 -0.88513   +0.85596
 -1.28139   +0.09746
 -0.88693   +0.33005
 -0.10324   +0.38273
 +1.47061   +0.58056
 -0.35888   +0.90700
 -1.98754   +0.46780
 -0.44593   +1.26300
 -0.36032   +1.48265
 -1.38787   +0.39459
 +1.02610   +0.33618
 -0.39410   +1.10559
 -0.09548   +1.03969
 -1.19656   +0.38912
 +2.38764   +0.74643
 +0.24899   +1.14445
 +1.54330   +1.48409
 +2.49418   +0.52265
 -1.18664   +0.19312
 -0.04567   +0.81743
 +0.16330   +1.15705
 +0.82546   +0.41498
 -0.10004   +1.39759
 -0.16385   +0.37570
 -0.76980   +0.45499
 +1.50795   +0.28997
 +1.43986   +1.11045
 -0.18160   +0.41646
 -1.89837   +0.20951
 -1.18028   +0.72055
 +0.17832   +0.39534
 +0.78945   +0.41415
 -0.31595   +1.11403
 -0.90835   +0.74616
 +0.15829   +0.67748
 -0.11107   +1.23366
 +0.27472   +1.30629
 -0.81868   +1.12052
 -1.23598   +0.68869
 +0.33250   +0.65731
 +0.04168   +0.74104
 -0.29087   +0.79875
 -0.45071   +1.03797
 -0.87357   +0.87329
 -0.09771   +0.79324
 -1.12178   +0.58768
 +1.37989   +1.02884
 -0.78360   +0.51379
 -0.68455   +0.44379
 +1.06333   +1.22610
 +0.68999   +0.77404
 -1.39379   +0.53709
 +0.45909   +1.15317
 -1.25598   +0.38231
 -0.38783   +0.79134
 +0.35217   +0.98841
 +0.19538   +1.14452
 +0.25343   +1.33529
 -0.29488   +0.83232
 +0.94368   +0.96806
 +0.06154   +0.74235
 -0.61247   +1.13717
 -1.42066   +0.48636
 +1.74101   +1.39346
 +0.78415   +1.42045
 +0.05940   +1.07609
 -1.20241   +0.16160
 +0.79325   +1.69433
 -0.77994   +1.06894
 +0.22336   +0.73503
 +0.59170   +0.89712
 +0.28198   +0.87833
 +0.07542   +1.39229
 -1.04825   +0.83422
 -0.16621   +0.40949
 +0.41442   +0.87018
 +0.05650   +0.43602
 +1.56503   +0.97733
 +0.10821   +1.62984
 -1.91257   +0.62204
 -0.69910   +1.06104
 -0.79548   +0.79830
 -0.52472   +1.04092
 +0.43248   +1.53401
 +1.39435   +0.57169
 -1.06754   +0.90982
 -0.18936   +0.78527
 -1.35142   +0.67110
 -1.24893   +0.88077
 -1.10257   +0.67713
 -0.51971   +0.66724
 -0.70805   +0.97602
 +0.14710   +0.56278
 -0.19427   +1.08969
 -0.31784   +0.55423
 -0.23133   +1.31556
 -1.59842   +0.57654
 +1.09100   +1.58660
 +0.59718   +1.48766
 -0.08700   +0.86592
 -1.62663   +0.59203
 +1.65014   +0.68533
 -1.03337   +0.36351
 +0.22609   +1.13459
 -1.42946   +0.27458
 +1.33626   +0.89851
 +0.30892   +0.67288
 -0.03742   +0.62191
 +1.19212   +0.45036
 -1.09995   +0.74892
 +1.16738   +2.51819
 -0.71685   +0.57386
 -0.95356   +0.30424
 -1.57997   +0.35972
 +0.00697   +0.76626
 +0.12948   +1.26724
 +1.06485   +1.33181
 -0.57984   +0.36782
 +0.02498   +0.83260
 +0.52357   +0.65004
 +0.24211   +0.42167
 -1.58343   +0.48506
 +0.43782   +0.61296
 -0.44082   +0.43101
 +0.00297   +0.99160
 -1.34910   +0.84316
 +0.72600   +0.42051
 +1.57898   +1.03446
 -1.64251   +0.28604
 +0.45758   +0.38178
 +1.05954   +1.87985
 -0.79983   +0.67228
 +1.40960   +0.49553
 +1.86670   +0.99184
 -1.75291   +0.72695
 -0.37490   +0.96089
 -0.49362   +1.54880
 +0.62482   +0.67996
 +1.25219   +1.32257
 -0.57776   +0.43699
 -0.18058   +1.51497
 +1.16555   +1.03476
 +0.79898   +0.83512
 -1.89789   +0.07223
 -1.59696   +0.51565
 -0.57047   +0.47138
 -1.35459   +0.41876
 -0.91510   +0.53839
 +0.58650   +1.43259
 -0.76380   +1.17759
 -2.72608   +0.40836
 -0.95934   +0.81958
 +0.26851   +0.30313
 -0.00936   +1.42914
 -2.58199   +0.68903
 +0.98641   +1.18739
 +0.09574   +0.45673
 -0.41853   +1.62044
 +0.15514   +0.41838
 -0.44568   +0.34390
 +0.44219   +0.43162
 -0.07053   +1.28524
 -0.23095   +0.88197
 -0.95081   +0.68027
 -1.46456   +0.59787
 -0.37501   +1.18399
 -1.67839   +0.16180
 -0.05394   +0.99469
 +0.79976   +2.69845
 -0.00404   +0.31259
 +0.40338   +1.36380
 -0.09536   +0.15856
 -0.50635   +0.24437
 -1.59477   +0.54802
 -0.77049   +0.59245
 -1.67488   +0.84543
 -0.70869   +0.51210
 +0.64021   +0.44076
 -1.25676   +0.27739
 +0.19662   +1.08268
 -0.37959   +0.43097
 +0.56836   +1.02223
 +0.72512   +1.78599
 +0.46864   +1.30780
 -0.21785   +0.50362
 +1.03817   +0.31097
 -0.19840   +0.94174
 -0.63027   +0.48654
 +0.89331   +2.14279
 +0.76869   +2.00508
 -1.46288   +0.89221
 -1.18069   +0.72408
 +0.72401   +1.48709
 +0.43334   +1.03141
 +0.50459   +0.57810
 -0.57217   +0.15399
 +0.15347   +1.20246
 -0.24012   +0.39406
 -1.02265   +0.30370
 -1.40003   +0.99412
 +0.41414   +0.79804
 +1.30362   +0.80585
 +1.15204   +1.47137
 -3.09928   +0.17757
 +0.26192   +0.18546
 -0.93970   +0.89592
 -2.32945   +0.16257
 +1.04739   +0.74062
 +1.41394   +1.33158
 +0.25283   +1.21833
 +1.73666   +1.34229
 +0.21042   +1.07636
 +1.80119   +0.49388
 +0.24469   +1.12590
 -1.44779   +0.68009
 +0.93560   +1.36049
 -0.52933   +0.56826
 -1.17014   +0.49942
 +0.64638   +1.85738
 +1.15915   +1.80388
 -0.09304   +0.79490
 +0.25997   +1.18174
 +0.77058   +0.74299
 -0.47772   +0.54383
 -1.08517   +0.72364
 -0.29874   +0.74284
 +0.42677   +1.12743
 -1.20545   +0.20318
 -0.56903   +0.64283
 -0.81030   +0.29072
 -1.07911   +0.74883
 -0.51328   +0.24869
 -2.13485   +0.29105
 +0.03242   +0.98009
 +0.83913   +0.98700
 -2.09432   +0.25574
 -0.22409   +1.53702
 -0.12638   +0.63701
 -2.29864   +0.41939
 +0.96098   +1.54181
 -1.08563   +0.47757
 -0.99847   +0.53751
 +0.40715   +0.90974
 -2.25473   +0.47197
 -0.18506   +0.56277
 -0.56870   +0.22633
 -0.34932   +0.53366
 -0.09969   +1.02032
 +1.29784   +0.59887
 +0.18347   +0.90741
 +0.32460   +1.14454
 +0.99115   +1.15843
 +2.02320   +0.91470
 -0.10152   +1.74927
 -1.52283   +0.21810
 -2.24156   +0.63579
 +1.10988   +1.29115
 +0.79623   +1.83253
 -1.11735   +0.50326
 -1.42362   +0.83684
 -1.08348   +0.45015
 -0.63263   +0.67685
 +1.07572   +1.39534
 -0.34092   +0.70855
 -1.75730   +0.83361
 -0.59180   +1.87011
 +0.48973   +1.60936
 -0.36584   +0.31338
 -1.08972   +0.22852
 +1.36741   +1.37756
 -0.45513   +0.56888
 -0.81008   +0.27984
 +1.18959   +1.60453
 -1.53347   +0.57037
 +0.99199   +2.66644
 +0.28471   +1.12651
