 -0.17308   +0.76382
 +0.31042   +0.96929
 -1.66585   +0.41353
 -1.50096   +0.43713
 -1.19390   +0.48834
 -0.63218   +0.61510
 -1.19941   +0.48732
 -1.33629   +0.46331
 +0.81874   +1.15853
 +1.40747   +1.09036
 +1.62370   +0.99903
 -0.32742   +0.70846
 -0.00893   +0.82885
 +1.36070   +1.10756
 -0.88435   +0.55193
 -0.32138   +0.71051
 -0.02540   +0.82205
 +1.29563   +1.12910
 -0.26447   +0.73035
 +0.72163   +1.13428
 +1.24919   +1.14247
 -0.12320   +0.78293
 -1.16689   +0.49336
 +0.95016   +1.17595
 -0.18146   +0.76067
 +0.65536   +1.11316
 +0.69522   +1.12626
 +0.38680   +1.00373
 -0.46724   +0.66310
 +1.23583   +1.14598
 +2.26194   +0.73126
 -0.88520   +0.55174
 -0.66574   +0.60602
 +0.87602   +1.16846
 +0.07229   +0.86317
 +0.84909   +1.16423
 -0.89391   +0.54975
 +0.89633   +1.17113
 +1.06725   +1.17476
 +1.22389   +1.14896
 +0.04924   +0.85330
 -1.84548   +0.39038
 -2.19773   +0.35142
 -0.13694   +0.77761
 +0.38246   +1.00179
 -0.65416   +0.60913
 -1.39190   +0.45416
 -0.79325   +0.57344
 -0.42554   +0.67616
 -0.00965   +0.82855
 +0.19693   +0.91803
 +0.74308   +1.14038
 +0.77510   +1.14872
 -0.14559   +0.77428
 -0.01190   +0.82762
 +0.45426   +1.03352
 +0.73926   +1.13932
 -1.36893   +0.45790
 +0.97475   +1.17703
 -1.98652   +0.37384
 +1.01531   +1.17727
 +0.38773   +1.00415
 +0.11586   +0.88208
 +1.27903   +1.13409
 +1.01771   +1.17723
 +1.17514   +1.15976
 +0.29165   +0.96079
 -0.76915   +0.57937
 -0.53379   +0.64305
 -0.26213   +0.73119
 +1.14359   +1.16546
 -0.60550   +0.62249
 -0.32807   +0.70823
 +0.49668   +1.05171
 -1.23227   +0.48136
 -0.10662   +0.78941
 -0.47620   +0.66034
 -0.93128   +0.54138
 +1.73723   +0.94771
 +0.94194   +1.17543
 +0.08075   +0.86682
 +0.35937   +0.99142
 +0.54785   +1.07284
 -1.61182   +0.42100
 -0.05724   +0.80907
 -0.36002   +0.69748
 +0.79717   +1.15391
 -2.14420   +0.35686
 +0.68137   +1.12184
 -0.49227   +0.65544
 -1.27964   +0.47298
 +2.08732   +0.79703
 -0.09176   +0.79527
 +0.66211   +1.11545
 +0.09329   +0.87225
 +1.06518   +1.17492
 +0.63854   +1.10729
 -0.51494   +0.64863
 +0.95433   +1.17618
 +1.08684   +1.17300
 +2.57221   +0.63190
 +0.36489   +0.99390
 -0.57573   +0.63089
 -1.50458   +0.43659
 -2.10052   +0.36141
 -1.01446   +0.52352
 -0.15563   +0.77044
 -1.50452   +0.43660
 +0.29115   +0.96056
 +0.53880   +1.06918
 +1.17940   +1.15891
 +0.36633   +0.99455
 +0.03878   +0.84885
 -1.23804   +0.48032
 +1.12396   +1.16847
 +0.41376   +1.01574
 +0.42991   +1.02287
 +0.12548   +0.88630
 -1.29323   +0.47063
 +0.37688   +0.99928
 +0.34179   +0.98348
 -0.77728   +0.57736
 +0.71351   +1.13188
 -1.82682   +0.39267
 -1.08042   +0.51008
 +1.03747   +1.17658
 -0.10134   +0.79148
 +1.32015   +1.12134
 -1.08681   +0.50881
 +0.04710   +0.85238
 +1.20224   +1.15405
 -0.17366   +0.76360
 -0.38808   +0.68823
 +1.26149   +1.13911
 -0.14022   +0.77634
 -1.35187   +0.46071
 -0.54034   +0.64112
 -0.32348   +0.70980
 -1.46245   +0.44301
 +0.54008   +1.06970
 +0.61489   +1.09875
 +0.39832   +1.00887
 +2.05504   +0.80997
 -0.27751   +0.72574
 +0.03877   +0.84885
 -1.22036   +0.48350
 +0.33739   +0.98150
 -2.61115   +0.31422
 -1.81690   +0.39390
 +0.61848   +1.10007
 -0.29390   +0.72000
 +0.79882   +1.15428
 -0.67084   +0.60466
 +1.10458   +1.17102
 +0.07998   +0.86648
 -0.56290   +0.63457
 -0.12611   +0.78180
 -0.71127   +0.59404
 +1.10558   +1.17090
 -0.99288   +0.52806
 -1.13396   +0.49961
 -0.35718   +0.69843
 -1.15272   +0.49603
 -0.33140   +0.70710
 +0.45333   +1.03311
 +0.32773   +0.97713
 +0.75039   +1.14236
 +0.57217   +1.08250
 -0.32154   +0.71046
 +1.70221   +0.96357
 -0.15367   +0.77119
 -0.24670   +0.73671
 +0.30775   +0.96808
 -0.97777   +0.53127
 -0.93644   +0.54024
 -1.29905   +0.46963
 +1.52165   +1.04391
 +1.49706   +1.05435
 +0.30560   +0.96711
 -0.70535   +0.59558
 -0.11162   +0.78745
 +1.63640   +0.99332
 +0.79564   +1.15357
 +0.20347   +0.92096
 -0.21815   +0.74707
 +0.57783   +1.08471
 +1.16819   +1.16110
 +0.35106   +0.98767
 -0.33325   +0.70647
 +0.95040   +1.17596
 +0.26659   +0.94943
 -0.69315   +0.59876
 +0.91708   +1.17338
 -0.47439   +0.66090
 -1.20687   +0.48596
 +1.19510   +1.15562
 -0.82793   +0.56509
 -1.19436   +0.48825
 +1.04960   +1.17596
 -1.48935   +0.43889
 +0.29475   +0.96219
 -0.27962   +0.72500
 -1.11276   +0.50371
 +1.42307   +1.08436
 +0.84067   +1.16274
 +0.71249   +1.13157
 -0.41980   +0.67799
 -0.14131   +0.77592
 -0.10287   +0.79088
 -0.02485   +0.82227
 +0.05845   +0.85723
 +1.13878   +1.16623
 +1.06301   +1.17508
 +0.69221   +1.12531
 +1.18283   +1.15821
 +2.42111   +0.67757
 -0.16884   +0.76543
 +1.28439   +1.13250
 -1.75231   +0.40207
 +0.87031   +1.16763
 +1.49706   +1.05434
 +0.44780   +1.03070
 +1.90013   +0.87510
 -2.17462   +0.35375
 -1.88163   +0.38601
 -1.25354   +0.47756
 -0.87092   +0.55502
 -0.15633   +0.77017
 -0.95784   +0.53557
 +1.72628   +0.95267
 +1.52277   +1.04343
 -0.60949   +0.62137
 -1.49494   +0.43804
 -0.10445   +0.79026
 +1.69998   +0.96458
 -0.01059   +0.82816
 -0.29057   +0.72116
 -0.06703   +0.80513
 +1.19956   +1.15464
 -0.42060   +0.67774
 +1.38811   +1.09764
 +0.63340   +1.10546
 -0.92065   +0.54374
 -1.81757   +0.39381
 -0.78976   +0.57430
 +0.15583   +0.89970
 +0.57548   +1.08380
 +1.07525   +1.17409
 +0.06750   +0.86111
 -0.31764   +0.71180
 +1.30968   +1.12471
 -1.04303   +0.51763
 -0.97482   +0.53190
 +1.84371   +0.89990
 -0.98858   +0.52897
 +2.66207   +0.60700
 +2.00523   +0.83038
 -1.67397   +0.41243
 -1.00030   +0.52649
 +0.30666   +0.96759
 +0.27734   +0.95431
 -0.26223   +0.73115
 +0.03565   +0.84752
 +0.93624   +1.17502
 -0.75426   +0.58309
 +0.87701   +1.16861
 +0.31884   +0.97311
 +2.12162   +0.78354
 +0.29592   +0.96272
 +0.35338   +0.98872
 -1.78571   +0.39781
 -1.04666   +0.51688
 -0.47601   +0.66040
 +1.44616   +1.07525
 -1.22019   +0.48354
 -0.67195   +0.60436
 -0.08871   +0.79648
 +0.56121   +1.07818
 +1.35182   +1.11068
 +0.43663   +1.02582
 -0.42117   +0.67756
 +0.67433   +1.11954
 -0.28149   +0.72434
 +1.33814   +1.11537
 -0.33391   +0.70625
 -0.81180   +0.56895
 +0.48085   +1.04498
 +0.36953   +0.99598
 +0.80800   +1.15629
 +1.31041   +1.12448
 -0.01071   +0.82811
 +0.66359   +1.11596
 -0.04037   +0.81592
 -0.38768   +0.68836
 -0.05497   +0.80999
 -1.24788   +0.47857
 +0.56839   +1.08102
 +0.21725   +0.92715
 -0.57441   +0.63127
 -0.55357   +0.63727
 -1.20381   +0.48652
 +0.60070   +1.09346
 +0.28585   +0.95816
 +0.56058   +1.07793
 +0.55708   +1.07654
 -0.39978   +0.68443
 -0.14526   +0.77441
 +2.24543   +0.73716
 -0.95704   +0.53574
 -0.20813   +0.75075
 +0.59343   +1.09071
 +1.32864   +1.11856
 +0.49872   +1.05257
 -1.07413   +0.51134
 +0.81731   +1.15824
 -0.85916   +0.55774
 +0.04571   +0.85179
 -1.26315   +0.47587
 +1.31924   +1.12164
 -0.96724   +0.53353
 +1.47860   +1.06204
 +0.86810   +1.16730
 -1.39275   +0.45402
 +1.52717   +1.04155
 -0.83654   +0.56305
 -1.78174   +0.39831
 +0.04212   +0.85027
 +0.87221   +1.16791
 -1.70775   +0.40790
 +0.15621   +0.89987
 -0.35594   +0.69884
 +0.59819   +1.09252
 -0.53751   +0.64196
 -0.48611   +0.65732
 +0.49844   +1.05245
 +0.41687   +1.01711
 -0.55185   +0.63777
 -0.12843   +0.78090
 +1.01359   +1.17730
 +0.41204   +1.01497
 +0.83452   +1.16161
 +0.68872   +1.12421
 -0.56486   +0.63401
 +0.12990   +0.88825
 +2.08680   +0.79723
 -0.96429   +0.53417
 -0.01208   +0.82754
 -1.35359   +0.46042
 -1.92268   +0.38116
 +0.12844   +0.88760
 +0.60144   +1.09374
 +0.10623   +0.87788
 -0.33007   +0.70755
 +0.40179   +1.01042
 +0.65215   +1.11205
 -0.77625   +0.57762
 -0.13404   +0.77873
 +0.09288   +0.87207
 -0.13373   +0.77885
 -1.38990   +0.45448
 +0.00903   +0.83632
 -1.05668   +0.51485
 +1.60328   +1.00816
 +0.17861   +0.90983
 +1.13003   +1.16758
 +0.32925   +0.97782
 -0.89573   +0.54934
 +0.93929   +1.17525
 +1.39315   +1.09577
 -0.57155   +0.63209
 -1.69108   +0.41012
 +1.32077   +1.12114
 +1.53847   +1.03667
 +0.60887   +1.09652
 -0.28971   +0.72146
 +0.45371   +1.03328
 +0.12339   +0.88538
 -0.68737   +0.60028
 +1.25469   +1.14099
 +0.32195   +0.97451
 -1.03491   +0.51929
 -0.81544   +0.56807
 +2.37128   +0.69375
 +1.46816   +1.06634
 +0.47641   +1.04308
 -1.22223   +0.48317
 +1.05846   +1.17540
 -0.12592   +0.78187
 +1.79104   +0.92342
 -0.59097   +0.62657
 -0.66998   +0.60489
 +0.96531   +1.17670
 +2.77065   +0.57900
 -1.75023   +0.40234
 +0.60390   +1.09466
 +1.10687   +1.17074
 -2.02433   +0.36963
 +0.93387   +1.17484
 -0.02915   +0.82051
 +1.13083   +1.16746
 +0.06164   +0.85860
 -0.12885   +0.78074
 -2.62541   +0.31307
 +0.42394   +1.02024
 +0.25886   +0.94594
 +1.04101   +1.17642
 +0.21870   +0.92781
 +1.90679   +0.87221
 -0.12327   +0.78290
 -1.77669   +0.39895
 +0.25904   +0.94602
 +0.00619   +0.83514
 -0.19899   +0.75413
 +1.34908   +1.11163
 -0.19549   +0.75543
 +0.24291   +0.93872
 +0.36311   +0.99310
 -1.38300   +0.45560
 -0.41699   +0.67889
 +1.65018   +0.98711
 +0.92079   +1.17373
 -1.12755   +0.50085
 -0.86535   +0.55630
 -0.15562   +0.77045
 +0.05918   +0.85754
 -0.40946   +0.68130
 +0.72750   +1.13599
 -0.82399   +0.56603
 +0.08288   +0.86774
 -0.12908   +0.78065
 -0.31987   +0.71103
 -1.30293   +0.46896
 +0.66618   +1.11683
 +0.36465   +0.99379
 +0.05539   +0.85592
 +0.07163   +0.86289
 -1.51148   +0.43555
 -2.29677   +0.34176
 +0.35079   +0.98755
 -0.29524   +0.71953
 +1.67610   +0.97540
 -0.58831   +0.62732
 -1.42963   +0.44813
 -1.96423   +0.37637
 +1.47408   +1.06391
 -2.01923   +0.37019
 +0.62345   +1.10188
 -0.91317   +0.54541
 +0.17886   +0.90994
 -0.92231   +0.54337
 -2.38024   +0.33401
 -1.65267   +0.41533
 -1.81239   +0.39446
 -1.36002   +0.45936
 -0.07357   +0.80251
 +0.71469   +1.13223
 +0.53346   +1.06700
 -0.14529   +0.77439
 +0.60939   +1.09671
 +0.27813   +0.95466
 -0.77238   +0.57857
 +0.06930   +0.86188
 +0.56482   +1.07961
 +0.06014   +0.85795
 -3.13386   +0.27684
 -1.31566   +0.46679
 +0.57190   +1.08240
 +0.45134   +1.03225
 +0.74848   +1.14185
 +0.28629   +0.95836
 -0.79098   +0.57400
 +1.73321   +0.94952
 -1.05944   +0.51429
 -0.04291   +0.81489
 -1.00369   +0.52578
 +0.28107   +0.95599
 -0.51867   +0.64752
 +0.14422   +0.89456
 +0.74128   +1.13988
 -0.78527   +0.57540
 -1.18502   +0.48998
 +2.42882   +0.67512
 -0.54065   +0.64103
 +1.02307   +1.17710
 +0.24663   +0.94040
 -0.22640   +0.74406
 -1.57109   +0.42680
 -1.95415   +0.37752
 +0.38720   +1.00391
 +0.27970   +0.95537
 +0.03856   +0.84876
 +0.33659   +0.98114
 +0.88320   +1.16946
 +2.26352   +0.73069
 -0.60697   +0.62208
 -0.55140   +0.63790
 +1.04056   +1.17644
 -1.29002   +0.47118
 -1.67216   +0.41267
 +0.08635   +0.86924
 -0.01078   +0.82808
 -1.43280   +0.44763
 -0.68356   +0.60129
 +0.47358   +1.04187
 +0.62536   +1.10257
 +0.20135   +0.92001
 -0.18803   +0.75821
 -1.01882   +0.52262
 -0.58006   +0.62966
 +0.77311   +1.14823
 -0.01075   +0.82809
 +1.69284   +0.96782
 +2.55442   +0.63702
 -1.48894   +0.43895
 -0.53957   +0.64135
 -1.71386   +0.40709
 +0.64100   +1.10816
 -1.44765   +0.44531
 +0.72047   +1.13394
 +1.68635   +0.97076
 -1.05346   +0.51550
 -2.52544   +0.32130
 -0.65257   +0.60956
 +0.45807   +1.03517
 -0.47495   +0.66073
 +0.07020   +0.86227
 -0.26533   +0.73005
 -0.71909   +0.59203
 -0.23362   +0.74143
 +1.02429   +1.17706
 -0.85261   +0.55927
 -1.17524   +0.49180
 +1.19760   +1.15508
 -2.50419   +0.32310
 +1.41458   +1.08764
 -0.84055   +0.56210
 -1.85971   +0.38865
 +2.39186   +0.68700
 +0.09234   +0.87183
 -0.37691   +0.69189
 +1.02007   +1.17717
 -1.36899   +0.45789
 +0.05438   +0.85549
 +0.57430   +1.08333
 -0.80087   +0.57159
 +1.28364   +1.13273
 -0.87121   +0.55495
 -1.36330   +0.45882
 +0.60901   +1.09657
 -0.23474   +0.74103
 +1.13107   +1.16742
 +2.20464   +0.75204
 +0.65069   +1.11155
 +0.42864   +1.02231
 -0.41065   +0.68092
 +0.43922   +1.02695
 -0.89868   +0.54867
 -2.58804   +0.31610
 +0.68771   +1.12388
 -0.64062   +0.61280
 -1.55190   +0.42958
 -0.07502   +0.80193
 +0.35771   +0.99067
 +2.28952   +0.72153
 +0.95676   +1.17631
 -0.12789   +0.78111
 +0.25876   +0.94589
 -0.50074   +0.65289
 -0.28385   +0.72351
 +0.72058   +1.13397
 -0.85225   +0.55935
 +0.45050   +1.03189
 +2.15072   +0.77231
 -1.56789   +0.42726
 -0.77484   +0.57796
 -0.63882   +0.61329
 -0.96262   +0.53453
 +0.21630   +0.92672
 -0.50213   +0.65247
 -0.24309   +0.73801
 +0.55821   +1.07699
 -0.73383   +0.58825
 -0.34287   +0.70322
 +0.34462   +0.98476
 -0.38060   +0.69068
 -0.61358   +0.62024
 +0.44172   +1.02805
 -0.73449   +0.58808
 -1.39120   +0.45427
 +0.25325   +0.94340
 -1.22322   +0.48299
 +0.51413   +1.05903
 +0.51385   +1.05891
 +0.32932   +0.97785
 +0.71848   +1.13335
 +0.67740   +1.12054
 -1.41959   +0.44972
 +1.08220   +1.17345
 +0.17961   +0.91028
 -0.17906   +0.76158
 -1.28412   +0.47220
 +0.23330   +0.93439
 +1.65226   +0.98617
 +0.63559   +1.10625
 +1.09128   +1.17254
 -1.95330   +0.37762
 +0.45735   +1.03486
 -0.23598   +0.74057
 +1.60177   +1.00883
 -0.23647   +0.74040
 -0.02748   +0.82120
 -1.42672   +0.44859
 +0.42907   +1.02250
 -0.17229   +0.76412
 +0.73426   +1.13792
 +1.21564   +1.15095
 +0.23882   +0.93688
 -1.41812   +0.44995
 +0.03604   +0.84769
 +0.97008   +1.17688
 -0.37786   +0.69158
 -0.18002   +0.76121
 +0.42858   +1.02228
 -0.70589   +0.59544
 -0.92187   +0.54347
 -1.01962   +0.52245
 -1.05204   +0.51579
 +2.24665   +0.73673
 -0.98248   +0.53027
 -1.00008   +0.52654
 -0.90412   +0.54745
 +1.21593   +1.15089
 -1.59736   +0.42304
 -0.19543   +0.75546
 +1.52109   +1.04415
 -0.93356   +0.54088
 -1.16123   +0.49443
 +0.11223   +0.88049
 -0.43130   +0.67433
 -0.16921   +0.76529
 -0.39517   +0.68592
 +1.62711   +0.99749
 +0.04561   +0.85175
 -1.19768   +0.48764
 -0.55414   +0.63710
 +0.22524   +0.93075
 +0.58550   +1.08768
 -1.31689   +0.46658
 -1.19760   +0.48766
 +2.22995   +0.74276
 -1.03857   +0.51854
 -0.27019   +0.72833
 -0.30924   +0.71468
 +1.87093   +0.88788
 -0.87419   +0.55426
 -1.47241   +0.44148
 -0.22495   +0.74458
 -0.47538   +0.66060
 -1.53503   +0.43206
 +0.71653   +1.13278
 -1.35982   +0.45940
 -0.22310   +0.74526
 -0.94243   +0.53893
 +0.08832   +0.87009
 -0.38592   +0.68894
 -0.01047   +0.82821
 -0.20077   +0.75347
 +0.72728   +1.13592
 +0.56471   +1.07957
 -0.66736   +0.60559
 +0.97826   +1.17713
 -2.04070   +0.36783
 -0.28668   +0.72252
 +0.78557   +1.15124
 +3.00367   +0.52578
 -0.38619   +0.68885
 -0.07990   +0.79998
 -0.53118   +0.64382
 -0.66070   +0.60737
 -0.07411   +0.80229
 +1.10233   +1.17129
 +0.42202   +1.01939
 -0.47778   +0.65986
 +0.55715   +1.07657
 +0.38115   +1.00120
 -0.05082   +0.81167
 +0.23355   +0.93450
 +0.13395   +0.89003
 -1.62689   +0.41889
 -0.32470   +0.70938
 -1.20301   +0.48666
 +1.96690   +0.84644
 +0.23419   +0.93479
 +0.21473   +0.92602
 -0.11695   +0.78536
 +1.39336   +1.09569
 +0.03792   +0.84849
 +1.66349   +0.98110
 +1.32794   +1.11879
 -1.41288   +0.45079
 +0.00336   +0.83396
 -0.21858   +0.74691
 -2.24245   +0.34700
 -0.81200   +0.56890
 +1.01880   +1.17720
 +1.07822   +1.17382
 +1.52113   +1.04413
 +0.37265   +0.99739
 +0.69723   +1.12689
 -1.17741   +0.49139
 +0.40899   +1.01362
 -1.07182   +0.51180
 +2.09224   +0.79508
 +1.71375   +0.95834
 +0.30748   +0.96796
 -1.88705   +0.38536
 +1.83645   +0.90312
 +1.29926   +1.12798
 -0.82929   +0.56476
 +0.11166   +0.88025
 +1.20861   +1.15260
 -0.34292   +0.70321
 +0.83476   +1.16166
 +0.56472   +1.07957
 -0.88513   +0.55175
 -1.28139   +0.47268
 -0.88693   +0.55134
 -0.10324   +0.79074
 +1.47061   +1.06533
 -0.35888   +0.69786
 -1.98754   +0.37373
 -0.44593   +0.66973
 -0.36032   +0.69738
 -1.38787   +0.45481
 +1.02610   +1.17701
 -0.39410   +0.68627
 -0.09548   +0.79380
 -1.19656   +0.48785
 +2.38764   +0.68837
 +0.24899   +0.94147
 +1.54330   +1.03458
 +2.49418   +0.65487
 -1.18664   +0.48968
 -0.04567   +0.81376
 +0.16330   +0.90301
 +0.82546   +1.15987
 -0.10004   +0.79199
 -0.16385   +0.76731
 -0.76980   +0.57921
 +1.50795   +1.04975
 +1.43986   +1.07776
 -0.18160   +0.76062
 -1.89837   +0.38402
 -1.18028   +0.49086
 +0.17832   +0.90971
 +0.78945   +1.15215
 -0.31595   +0.71238
 -0.90835   +0.54649
 +0.15829   +0.90079
 -0.11107   +0.78766
 +0.27472   +0.95312
 -0.81868   +0.56730
 -1.23598   +0.48069
 +0.33250   +0.97929
 +0.04168   +0.85008
 -0.29087   +0.72106
 -0.45071   +0.66823
 -0.87357   +0.55440
 -0.09771   +0.79292
 -1.12178   +0.50196
 +1.37989   +1.10066
 -0.78360   +0.57581
 -0.68455   +0.60102
 +1.06333   +1.17506
 +0.68999   +1.12461
 -1.39379   +0.45385
 +0.45909   +1.03561
 -1.25598   +0.47713
 -0.38783   +0.68831
 +0.35217   +0.98817
 +0.19538   +0.91733
 +0.25343   +0.94348
 -0.29488   +0.71966
 +0.94368   +1.17555
 +0.06154   +0.85856
 -0.61247   +0.62054
 -1.42066   +0.44955
 +1.74101   +0.94599
 +0.78415   +1.15090
 +0.05940   +0.85764
 -1.20241   +0.48677
 +0.79325   +1.15302
 -0.77994   +0.57671
 +0.22336   +0.92990
 +0.59170   +1.09005
 +0.28198   +0.95640
 +0.07542   +0.86452
 -1.04825   +0.51656
 -0.16621   +0.76642
 +0.41442   +1.01603
 +0.05650   +0.85639
 +1.56503   +1.02509
 +0.10821   +0.87874
 -1.91257   +0.38234
 -0.69910   +0.59721
 -0.79548   +0.57290
 -0.52472   +0.64572
 +0.43248   +1.02400
 +1.39435   +1.09532
 -1.06754   +0.51266
 -0.18936   +0.75772
 -1.35142   +0.46078
 -1.24893   +0.47838
 -1.10257   +0.50570
 -0.51971   +0.64721
 -0.70805   +0.59488
 +0.14710   +0.89583
 -0.19427   +0.75589
 -0.31784   +0.71173
 -0.23133   +0.74226
 -1.59842   +0.42289
 +1.09100   +1.17256
 +0.59718   +1.09213
 -0.08700   +0.79716
 -1.62663   +0.41893
 +1.65014   +0.98713
 -1.03337   +0.51961
 +0.22609   +0.93113
 -1.42946   +0.44816
 +1.33626   +1.11600
 +0.30892   +0.96861
 -0.03742   +0.81713
 +1.19212   +1.15626
 -1.09995   +0.50622
 +1.16738   +1.16126
 -0.71685   +0.59260
 -0.95356   +0.53650
 -1.57997   +0.42552
 +0.00697   +0.83546
 +0.12948   +0.88806
 +1.06485   +1.17494
 -0.57984   +0.62972
 +0.02498   +0.84302
 +0.52357   +1.06294
 +0.24211   +0.93836
 -1.58343   +0.42502
 +0.43782   +1.02634
 -0.44082   +0.67133
 +0.00297   +0.83379
 -1.34910   +0.46117
 +0.72600   +1.13555
 +1.57898   +1.01895
 -1.64251   +0.41672
 +0.45758   +1.03496
 +1.05954   +1.17533
 -0.79983   +0.57184
 +1.40960   +1.08955
 +1.86670   +0.88974
 -1.75291   +0.40200
 -0.37490   +0.69255
 -0.49362   +0.65504
 +0.62482   +1.10238
 +1.25219   +1.14166
 -0.57776   +0.63032
 -0.18058   +0.76100
 +1.16555   +1.16160
 +0.79898   +1.15432
 -1.89789   +0.38407
 -1.59696   +0.42310
 -0.57047   +0.63240
 -1.35459   +0.46026
 -0.91510   +0.54498
 +0.58650   +1.08806
 -0.76380   +0.58070
 -2.72608   +0.30519
 -0.95934   +0.53524
 +0.26851   +0.95030
 -0.00936   +0.82867
 -2.58199   +0.31660
 +0.98641   +1.17730
 +0.09574   +0.87331
 -0.41853   +0.67840
 +0.15514   +0.89939
 -0.44568   +0.66981
 +0.44219   +1.02826
 -0.07053   +0.80373
 -0.23095   +0.74240
 -0.95081   +0.53710
 -1.46456   +0.44268
 -0.37501   +0.69252
 -1.67839   +0.41183
 -0.05394   +0.81041
 +0.79976   +1.15449
 -0.00404   +0.83088
 +0.40338   +1.01113
 -0.09536   +0.79384
 -0.50635   +0.65120
 -1.59477   +0.42341
 -0.77049   +0.57904
 -1.67488   +0.41230
 -0.70869   +0.59471
 +0.64021   +1.10788
 -1.25676   +0.47699
 +0.19662   +0.91789
 -0.37959   +0.69101
 +0.56836   +1.08101
 +0.72512   +1.13530
 +0.46864   +1.03974
 -0.21785   +0.74718
 +1.03817   +1.17655
 -0.19840   +0.75435
 -0.63027   +0.61563
 +0.89331   +1.17077
 +0.76869   +1.14712
 -1.46288   +0.44294
 -1.18069   +0.49078
 +0.72401   +1.13498
 +0.43334   +1.02438
 +0.50459   +1.05504
 -0.57217   +0.63191
 +0.15347   +0.89865
 -0.24012   +0.73908
 -1.02265   +0.52182
 -1.40003   +0.45285
 +0.41414   +1.01590
 +1.30362   +1.12663
 +1.15204   +1.16403
 -3.09928   +0.27904
 +0.26192   +0.94732
 -0.93970   +0.53953
 -2.32945   +0.33869
 +1.04739   +1.17609
 +1.41394   +1.08789
 +0.25283   +0.94321
 +1.73666   +0.94796
 +0.21042   +0.92408
 +1.80119   +0.91887
 +0.24469   +0.93953
 -1.44779   +0.44528
 +0.93560   +1.17498
 -0.52933   +0.64436
 -1.17014   +0.49275
 +0.64638   +1.11005
 +1.15915   +1.16278
 -0.09304   +0.79476
 +0.25997   +0.94644
 +0.77058   +1.14760
 -0.47772   +0.65988
 -1.08517   +0.50914
 -0.29874   +0.71832
 +0.42677   +1.02148
 -1.20545   +0.48622
 -0.56903   +0.63281
 -0.81030   +0.56931
 -1.07911   +0.51034
 -0.51328   +0.64913
 -2.13485   +0.35782
 +0.03242   +0.84616
 +0.83913   +1.16246
 -2.09432   +0.36207
 -0.22409   +0.74490
 -0.12638   +0.78169
 -2.29864   +0.34159
 +0.96098   +1.17651
 -1.08563   +0.50905
 -0.99847   +0.52688
 +0.40715   +1.01280
 -2.25473   +0.34580
 -0.18506   +0.75932
 -0.56870   +0.63290
 -0.34932   +0.70105
 -0.09969   +0.79213
 +1.29784   +1.12842
 +0.18347   +0.91200
 +0.32460   +0.97571
 +0.99115   +1.17736
 +2.02320   +0.82295
 -0.10152   +0.79141
 -1.52283   +0.43386
 -2.24156   +0.34708
 +1.10988   +1.17037
 +0.79623   +1.15370
 -1.11735   +0.50282
 -1.42362   +0.44908
 -1.08348   +0.50947
 -0.63263   +0.61498
 +1.07572   +1.17405
 -0.34092   +0.70388
 -1.75730   +0.40143
 -0.59180   +0.62633
 +0.48973   +1.04876
 -0.36584   +0.69555
 -1.08972   +0.50824
 +1.36741   +1.10518
 -0.45513   +0.66685
 -0.81008   +0.56936
 +1.18959   +1.15680
 -1.53347   +0.43229
 +0.99199   +1.17737
 +0.28471   +0.95764
