  -0.17308   -0.16354    0.10382
  -1.66585   -1.55111   -2.96743
  -1.19390   -1.21271   -1.91602
  -1.19941   -1.29047   -1.91183
   0.81874    0.55983    2.17987
   1.62370    1.65029    3.57602
  -0.00893    0.24339    0.34258
  -0.88435   -0.73814   -1.45901
  -0.02540   -0.08068    0.52251
  -0.26447   -0.22649   -0.10659
   1.24919    1.24967    3.00867
  -1.16689   -1.02565   -2.04536
  -0.18146   -0.22767    0.07701
   0.69522    0.67521    1.84784
  -0.46724   -0.31046   -0.54743
   2.26194    2.11337    5.12268
  -0.66574   -0.49147   -0.96957
   0.07229    0.00012    0.75551
  -0.89391   -0.62455   -1.42865
   1.06725    1.31897    2.44765
   0.04924   -0.04364    0.71149
  -2.19773   -2.27739   -3.64608
   0.38246    0.41483    1.14274
  -1.39190   -1.26055   -2.45172
  -0.42554   -0.35158   -0.34987
   0.19693    0.23005    0.78584
   0.77510    0.76463    2.24649
  -0.01190   -0.06942    0.42725
   0.73926    0.83441    1.98902
   0.97475    0.92176    2.58437
   1.01531    0.95258    2.55068
   0.11586    0.14429    0.55313
   1.01771    1.04265    2.42664
   0.29165    0.19572    1.02716
  -0.53379   -0.61464   -0.54118
   1.14359    1.24031    2.74662
  -0.32807   -0.28913   -0.32718
  -1.23227   -1.09934   -2.00010
  -0.47620   -0.37170   -0.66073
   1.73723    1.67951    4.03019
   0.08075    0.09250    0.73005
   0.54785    0.45675    1.70715
  -0.05724    0.01294    0.21055
   0.79717    0.81687    2.10043
   0.68137    0.69592    1.82149
  -1.27964   -1.50582   -1.86673
  -0.09176   -0.05881    0.23469
   0.09329    0.14661    0.78557
   0.63854    0.61249    1.80128
   0.95433    0.93058    2.33927
   2.57221    2.53598    5.69079
  -0.57573   -0.50520   -0.63725
  -2.10052   -2.14892   -3.82137
  -0.15563   -0.04738    0.19069
   0.29115    0.32336    1.30615
   1.17940    0.98795    2.96990
   0.03878   -0.09970    0.75497
   1.12396    1.17033    2.75732
   0.42991    0.52376    1.50074
  -1.29323   -1.32220   -2.05721
   0.34179    0.35686    1.17119
   0.71351    0.84615    1.88300
  -1.08042   -1.03638   -1.66362
  -0.10134   -0.13222    0.28713
  -1.08681   -1.15169   -1.68392
   1.20224    1.09110    3.12537
  -0.38808   -0.40167   -0.19449
  -0.14022   -0.01914    0.20178
  -0.54034   -0.62028   -0.50004
  -1.46245   -1.30933   -2.45708
   0.61489    0.55584    1.70054
   2.05504    2.20230    4.52887
   0.03877    0.05391    0.72469
   0.33739    0.36147    1.27742
  -1.81690   -1.88455   -2.95577
  -0.29390   -0.28379   -0.29969
  -0.67084   -0.87444   -0.82717
   0.07998    0.15825    0.65665
  -0.12611   -0.15313    0.27776
   1.10558    1.22400    2.63285
  -1.13396   -1.07008   -1.64432
  -1.15272   -1.22574   -1.72075
   0.45333    0.46512    1.36783
   0.75039    0.79251    1.99978
  -0.32154   -0.45964   -0.03049
  -0.15367   -0.09566    0.15354
   0.30775    0.37318    1.04793
  -0.93644   -0.96507   -1.42286
   1.52165    1.44777    3.54123
   0.30560    0.40822    1.06916
  -0.11162   -0.12606    0.27519
   0.79564    0.77871    2.20201
  -0.21815   -0.23257    0.11736
   1.16819    1.19834    2.84905
  -0.33325   -0.33265   -0.12651
   0.26659    0.33352    1.01745
   0.91708    0.80261    2.36903
  -1.20687   -1.22808   -1.76660
  -0.82793   -0.86064   -1.15423
   1.04960    0.93255    2.68042
