-0.792766 -1.375672 -1.342917 -0.670331 -0.873523 -0.485112 -1.206987 -1.1427 -0.874009 -1.403025 1.156469
0.793671 0.705416 0.736803 0.891127 0.270926 0.737134 0.785527 0.907718 1.072486 0.950115 1.321575
-0.891642 -0.729983 -0.456749 -0.285195 -0.268463 -0.640133 -0.544715 -0.686416 -0.877984 -0.679935 -0.964831
0.112067 0.0976 -0.275289 0.213751 0.427103 0.302314 0.277768 0.595225 0.245509 0.365882 1.978875
1.371155 2.276251 1.3277 1.697534 1.357192 1.348811 1.822473 1.711897 1.29198 1.31116 2.348083
1.416993 1.256552 1.474262 0.916125 1.108824 1.773298 1.38921 1.077274 1.527888 2.044246 1.232949
1.166578 -0.094958 0.448627 1.399241 1.214581 0.974286 0.7141 1.11389 0.795659 0.6785 1.284809
-0.530632 -0.255012 -0.294191 -0.618665 -0.274028 -0.775946 -0.370195 0.17125 -0.068557 -0.252997 -1.176038
0.921191 0.210697 0.869651 1.333888 0.364767 0.378559 0.907074 0.350014 0.399594 0.259013 0.388155
-0.576961 -0.408193 -0.606027 -0.490412 -0.573107 -0.658237 0.477502 -0.77698 -0.339329 -0.914819 1.773824
-0.087287 -0.851542 0.009399 -0.461304 -0.088889 -0.32896 0.07892 -0.55641 -0.215861 0.178645 -0.554309
-0.95925 -0.4748 -0.770828 -0.618553 -0.826076 -0.389812 -0.604579 -0.075812 -0.308838 -0.375453 -0.237096
-0.268515 -0.723323 -0.630158 -0.226899 0.041797 -0.384483 -0.184945 -0.370114 -0.462304 -0.575088 -1.715444
-1.34384 -1.945882 -1.084112 -1.363299 -2.009083 -1.527893 -1.475723 -1.233626 -1.393688 -2.201951 -2.670545
0.763935 1.256391 0.820127 1.079688 0.704148 0.45146 0.856693 0.482022 0.665285 0.336903 -1.294867
-0.558471 0.193088 -0.535614 0.336209 -0.587799 -0.206799 -0.430158 -0.060475 0.126505 0.237758 -0.049597
0.194122 0.085387 0.007139 -0.322369 -0.470401 -0.286669 -0.13759 0.012152 -0.471013 -0.215023 -0.085614
-0.927415 -1.430514 -1.554262 -2.154234 -1.275928 -0.987488 -1.261089 -1.489564 -1.786004 -1.685116 -2.29851
-0.181473 -0.140543 -0.346967 0.448441 0.382496 -0.686835 0.105859 -0.253765 -0.333269 0.493631 1.257349
-1.577359 -0.709361 -0.685666 -1.221184 -1.40735 -1.246838 -1.115972 -1.045876 -0.876539 -1.384055 -1.5374
0.876943 0.895128 0.786605 0.807289 1.475806 0.801471 0.625718 0.716191 0.613163 1.305988 2.246867
-0.224798 -0.633107 -0.163857 -0.558975 0.034386 0.291863 0.440794 -0.212751 -0.249671 -0.58429 1.00585
0.061132 -0.426204 -0.210746 -0.418617 -0.722179 -0.373175 -1.041439 -0.777607 -0.351298 0.146842 -0.883611
-0.797835 -0.667372 -0.402356 0.294887 -0.293649 -0.772518 -0.765281 -0.273685 -0.9727 -0.999694 -1.028333
-0.485447 -0.27935 -0.644941 0.496476 -1.367942 -0.81726 -0.056408 0.285944 0.047143 -0.270199 -1.21433
-0.375669 -0.424058 -0.231941 -0.238524 -0.050385 0.202899 0.076709 -0.988934 -0.340631 0.055532 0.011239
-2.170671 -1.500168 -1.723546 -0.734839 -2.086217 -1.399697 -1.662775 -0.638843 -1.055016 -1.487919 -0.854261
-0.274402 -0.298483 -0.896087 -0.766061 -0.536198 -0.093681 -0.46535 0.014856 -0.673356 -0.283317 0.914824
-0.660763 -1.044364 -1.647656 -0.781769 -0.929961 -1.025676 -0.718439 -0.311461 -0.335384 -1.110748 0.781484
1.42999 1.164514 1.652037 0.957279 0.845327 1.123009 1.577377 0.985017 1.562374 2.253583 1.100191
-0.5906 -0.987966 -0.430793 -0.731421 -0.257598 -0.746782 -0.273739 -0.717442 -0.564819 -0.683616 -2.698281
0.180358 0.452389 0.87415 0.017443 0.570476 0.944267 0.105863 0.974842 -0.091357 0.027553 -1.182512
-0.990771 -0.869154 -0.875759 -0.711117 -0.661365 -0.592793 -1.381323 -0.663566 -0.947822 -1.399123 -2.489328
1.850607 2.012648 1.580785 1.37275 1.785139 2.234242 1.817694 2.369112 1.732202 1.202977 2.513252
1.340831 0.713515 0.681739 0.885197 0.688832 0.980507 1.232931 0.806456 0.653551 0.807334 1.516989
0.056305 -0.162313 0.183353 0.368651 0.198772 -0.182987 0.159763 -0.099934 0.299903 0.174937 -0.720385
1.014157 1.882964 1.218268 0.732585 0.419933 1.072135 1.263972 1.467114 0.766907 1.117025 0.075235
-1.187127 -1.965952 -1.392255 -1.81408 -1.032517 -1.445608 -2.178007 -1.45757 -1.833108 -1.616539 -0.933683
1.930237 2.243235 1.876811 1.836602 1.270292 1.239614 1.629376 1.571624 1.210342 1.75926 2.888451
0.865383 0.836009 0.820207 0.672575 0.208778 0.828061 0.531851 0.054843 0.441196 0.817607 -0.023541
-1.297219 -1.110572 -2.254489 -1.412326 -2.013505 -1.749738 -1.722569 -1.628574 -1.335792 -1.715076 -1.418364
0.032313 0.269317 -0.12466 -0.597514 0.291903 0.187022 -0.142714 0.139625 0.118596 0.089567 0.12361
0.69054 0.855646 1.654893 1.024538 0.91273 0.368139 0.499011 1.0338 1.341274 0.541548 1.108838
-0.324629 -0.563396 -1.028852 -0.513184 -0.584151 -0.331775 -0.543798 -0.945841 -0.496065 -0.517628 0.241518
1.394777 1.572623 2.440418 1.764088 1.816474 1.580165 1.810055 1.957799 1.880072 1.891471 1.358678
-0.311649 -0.862385 -0.94724 -0.67831 -0.121469 -0.060419 -0.001413 -0.551715 -0.321198 -0.550168 1.396769
-1.124154 -0.762161 -0.61394 -0.51649 -1.274511 -1.071776 -1.31809 -0.985893 -1.105306 -0.960091 -1.560867
1.050827 1.621809 1.224541 0.644843 1.098618 0.803367 1.371882 1.243883 1.128424 0.732489 1.765298
-1.375683 -0.946818 -1.709495 -1.52455 -1.20175 -1.495144 -1.935043 -2.160409 -1.870001 -1.840156 -0.098408
0.79176 0.070313 0.706345 -0.449145 0.11547 -0.204573 0.054575 0.003122 0.231865 0.248084 1.883312
-0.799746 -0.062103 -0.312472 -0.424202 -0.41616 -0.295255 -0.256285 -0.784291 -0.717766 -0.801519 0.294814
0.07768 -0.059183 0.108906 0.297321 0.340518 0.024198 0.100703 0.465965 -0.215196 0.309563 0.060306
1.415819 1.035422 0.915681 0.184645 0.976625 0.744635 1.087165 0.257671 0.334394 0.607471 -0.187841
-0.967313 -1.025126 -0.541343 -0.88919 -0.710026 -1.29614 -0.784691 -1.069386 -0.889352 -0.987308 -0.842933
1.164777 0.844413 1.782539 1.364357 1.12314 0.856393 1.239347 1.197299 1.261809 1.322526 1.934264
-0.312858 -0.689929 -0.676702 -0.950712 -0.449864 -0.4095 -0.7818 -0.875418 -1.008918 -0.291861 0.659942
0.514264 -0.220164 -0.447861 -0.440655 -0.110451 -0.296858 -0.147344 -0.132931 -0.701998 -0.380592 0.760624
0.154712 0.132432 0.029998 0.521662 0.358911 -0.150336 0.372418 -0.164089 0.14354 -0.021065 -1.263621
-0.933883 -0.605477 -0.877174 -1.095446 -0.398723 -0.899281 -0.975886 -0.666053 -0.82724 -1.469944 -0.383508
-2.366531 -2.509557 -2.315951 -2.616978 -2.280403 -2.501011 -2.504074 -2.691343 -2.745123 -2.241751 -2.453386
1.490937 1.651471 1.820453 0.988887 1.955043 0.910745 0.976981 1.932908 1.261275 0.731999 1.027225
-1.453022 -0.996811 -1.565979 -1.904865 -2.126594 -0.669249 -1.428368 -1.908459 -1.300662 -2.004481 -1.507515
-0.683632 -0.628269 -0.805167 -0.595996 -1.223699 -1.039971 -0.19573 -0.761933 -1.040321 -0.830429 -0.361686
-0.850483 -0.381698 -0.975205 -0.308754 -1.026921 -0.733133 -0.790088 -0.348545 -0.470417 -1.220977 -1.869805
-0.290236 -0.431873 0.135054 -0.317994 -0.678424 -1.145947 0.070144 0.221701 -0.111032 -0.542706 -1.104781
-0.649052 -1.282668 -0.554341 -0.348624 -1.147209 0.07297 -1.197291 -0.505515 -0.792201 -0.217005 0.648043
0.299879 0.018714 0.967987 0.706754 0.808734 0.175835 0.435095 0.712254 0.778741 1.035023 -0.443213
-0.964062 -0.570278 -0.788948 -0.814495 -0.459288 -1.26133 -0.592975 -0.536081 -0.419734 -0.823558 -1.041371
0.435429 -0.251872 0.004055 0.174523 -0.104366 -0.801969 0.018826 -0.237162 0.051605 -0.486194 2.173284
-0.616879 -0.969019 -0.219152 -0.52514 -0.847828 -0.56691 -0.728391 0.754773 -0.572923 -0.8708 -1.497183
2.140462 2.038591 1.833239 1.477926 2.10689 1.560283 1.981037 1.50575 1.49448 2.330045 2.284632
-1.55011 -1.118146 -0.953582 -1.407732 -0.992393 -0.538344 -1.210486 -1.701771 -1.233713 -1.062105 -1.944961
-1.104476 -1.425517 -1.035997 -1.684039 -0.895705 -1.837553 -1.749498 -1.73245 -1.008884 -1.503832 -2.040211
-0.559099 -0.342975 -0.255291 0.32175 -0.387551 0.537017 -0.095986 -0.183536 -0.179089 -0.148175 -2.8759
-0.70828 -0.965356 0.01031 -0.711857 -0.311846 -0.638671 -0.349532 -0.940436 -0.92613 -0.390379 -1.354087
-0.273405 -0.028433 -0.368814 0.041103 -0.109694 -0.122348 0.57888 0.041821 0.771436 0.079816 0.413179
0.032038 0.888283 0.746916 0.159993 0.792972 0.278185 0.124009 0.440123 0.613176 0.55955 0.665595
-0.064787 0.267951 -0.432645 0.118731 -0.503361 -0.094364 0.080941 -0.087313 -0.175678 -0.083607 -0.376259
-0.335147 -0.150895 0.094981 -0.256565 0.18935 -0.289949 -0.632821 -0.007479 -0.337049 -0.153569 -1.871849
-1.192231 -1.412688 -0.439574 -0.81419 -0.530253 -0.724744 -0.809974 -0.841539 -0.993944 -1.021892 -2.834237
-0.277396 0.319238 -0.293481 0.604586 0.183714 -0.597617 0.265211 0.365833 0.048163 0.168778 1.468455
-0.167271 0.840766 0.481076 0.399173 -0.103018 0.340984 0.191098 0.561322 0.448699 0.279878 1.569215
0.769046 0.934626 1.48685 0.932052 1.432741 1.632705 1.016733 1.262786 0.935456 1.528075 1.987196
0.658353 0.511121 0.552277 -0.051383 0.918561 0.592548 1.05616 0.239379 -0.085578 0.753859 0.537646
0.235425 -0.204039 0.081176 0.293844 -0.326224 -0.078501 0.365957 -0.033544 -0.019544 0.766313 -1.896307
-0.752886 -1.51295 -1.374469 -0.985521 -0.698384 -1.069761 -1.316108 -1.507781 -1.324473 -1.307568 -1.319197
0.84925 0.196286 0.103228 -0.799532 0.12068 -0.009509 0.231267 0.242659 0.366258 0.789826 1.919125
0.01196 0.103344 -0.396025 -0.270342 0.19543 -0.33023 0.075775 -0.289535 0.423389 -0.146809 0.771945
1.040245 1.370053 0.846093 0.591512 0.477201 0.918847 1.381697 0.601672 1.027147 0.704212 3.217208
0.271589 0.375405 0.767575 1.285497 0.475684 0.257192 0.134544 0.55481 0.32919 0.306411 1.798597
1.435859 1.311448 1.08159 1.087883 0.387335 1.044384 0.689378 0.730282 1.287646 0.525402 3.128197
1.174312 0.636322 1.218116 0.737563 0.44982 0.767786 0.345239 0.470721 0.901448 0.932354 1.105635
0.227208 0.220751 0.166402 0.190888 0.81349 -0.285273 0.018542 0.452966 0.127959 -0.441187 -0.05924
0.829681 1.093428 0.497662 0.848391 1.00524 1.043566 0.652911 0.357029 1.203865 1.23926 0.573134
-0.646904 -0.099992 -0.250479 -0.580496 -0.533168 -0.987334 0.07574 -0.204484 -0.994583 -0.507554 -1.210875
-0.497396 -0.618975 -0.423956 -0.669444 -0.025149 -0.303602 -0.442866 -0.502134 -0.936193 0.382303 -0.662371
-1.08633 -0.802989 -0.956814 -0.785291 -0.807943 -0.362003 -0.70575 -0.667985 -0.890256 -1.361317 -0.857167
1.683892 1.002121 1.787769 1.170134 0.782518 1.621059 1.242094 0.986533 1.218384 1.366099 1.753176
0.911999 0.417713 0.401302 0.429822 0.233403 0.512056 0.530492 0.866922 0.300489 0.412386 -0.817979
-1.088416 -1.517007 -1.323708 -1.052067 -1.419169 -1.423931 -1.417146 -1.655125 -1.71761 -0.813081 -1.678034
