-20 -40 1.5
-20 -30 1.5
-20 -20 1.5
-20 -10 1.5
-20  -5 1.5
-20   0 1.5
-20   5 1.5
-20  10 1.5
-20  20 1.5
-20  30 1.5
-20  40 1.5
  0 -40 1.5
  0 -30 1.5
  0 -20 1.5
  0 -10 1.5
  0  -5 1.5
  0   0 1.5
  0   5 1.5
  0  10 1.5
  0  20 1.5
  0  30 1.5
  0  40 1.5
 20 -40 1.5
 20 -30 1.5
 20 -20 1.5
 20 -10 1.5
 20  -5 1.5
 20   0 1.5
 20   5 1.5
 20  10 1.5
 20  20 1.5
 20  30 1.5
 20  40 1.5
 40 -40 1.5
 40 -30 1.5
 40 -20 1.5
 40 -10 1.5
 40  -5 1.5
 40   0 1.5
 40   5 1.5
 40  10 1.5
 40  20 1.5
 40  30 1.5
 40  40 1.5
100 -40 1.5
100 -30 1.5
100 -20 1.5
100 -10 1.5
100  -5 1.5
100   0 1.5
100   5 1.5
100  10 1.5
100  20 1.5
100  30 1.5
100  40 1.5
160 -40 1.5
160 -30 1.5
160 -20 1.5
160 -10 1.5
160  -5 1.5
160   0 1.5
160   5 1.5
160  10 1.5
160  20 1.5
160  30 1.5
160  40 1.5
